eV	counts/s
10.00356	0
10.01656	-51
10.02956	22
10.04256	-95
10.05556	-9
10.06856	-28
10.08156	21
10.09456	1
10.10756	21
10.12056	-97
10.13356	-46
10.14656	6
10.15956	-54
10.17256	-48
10.18556	-61
10.19856	-38
10.21156	-60
10.22456	-61
10.23756	-24
10.25056	-86
10.26356	-28
10.27656	17
10.28956	13
10.30256	31
10.31556	39
10.32856	37
10.34156	41
10.35456	50
10.36756	42
10.38056	-30
10.39356	-2
10.40656	-13
10.41956	-27
10.43256	-26
10.44556	-8
10.45856	-25
10.47156	60
10.48456	38
10.49756	-15
10.51056	0
10.52356	39
10.53656	-1
10.54956	-13
10.56256	-1
10.57556	-9
10.58856	14
10.60156	6
10.61456	-13
10.62756	30
10.64056	69
10.65356	27
10.66656	37
10.67956	56
10.69256	21
10.70556	50
10.71856	63
10.73156	23
10.74456	17
10.75756	30
10.77056	5
10.78356	17
10.79656	28
10.80956	10
10.82256	10
10.83556	42
10.84856	49
10.86156	52
10.87456	141
10.88756	87
10.90056	59
10.91356	7
10.92656	55
10.93956	8
10.95256	-28
10.96556	65
10.97856	27
10.99156	20
11.00456	59
11.01756	33
11.03056	101
11.04356	87
11.05656	13
11.06956	26
11.08256	46
11.09556	75
11.10856	71
11.12156	100
11.13456	61
11.14756	35
11.16056	83
11.17356	71
11.18656	55
11.19956	70
11.21256	88
11.22556	75
11.23856	15
11.25156	88
11.26456	35
11.27756	27
11.29056	110
11.30356	100
11.31656	55
11.32956	135
11.34256	46
11.35556	-91
11.36856	161
11.38156	5
11.39456	6
11.40756	12
11.42056	71
11.43356	34
11.44656	51
11.45956	28
11.47256	56
11.48556	40
11.49856	76
11.51156	67
11.52456	111
11.53756	85
11.55056	48
11.56356	85
11.57656	68
11.58956	32
11.60256	44
11.61556	29
11.62856	32
11.64156	65
11.65456	42
11.66756	101
11.68056	55
11.69356	121
11.70656	129
11.71956	122
11.73256	98
11.74556	95
11.75856	27
11.77156	50
11.78456	67
11.79756	43
11.81056	91
11.82356	59
11.83656	-12
11.84956	13
11.86256	84
11.87556	132
11.88856	134
11.90156	111
11.91456	21
11.92756	5
11.94056	53
11.95356	44
11.96656	-5
11.97956	-9
11.99256	34
12.00556	23
12.01856	-4
12.03156	6
12.04456	18
12.05756	53
12.07056	114
12.08356	108
12.09656	57
12.10956	16
12.12256	52
12.13556	74
12.14856	53
12.16156	39
12.17456	41
12.18756	70
12.20056	43
12.21356	9
12.22656	84
12.23956	102
12.25256	155
12.26556	132
12.27856	135
12.29156	75
12.30456	70
12.31756	85
12.33056	84
12.34356	50
12.35656	-22
12.36956	33
12.38256	9
12.39556	62
12.40856	-10
12.42156	42
12.43456	41
12.44756	18
12.46056	33
12.47356	85
12.48656	35
12.49956	-30
12.51256	10
12.52556	105
12.53856	6
12.55156	122
12.56456	109
12.57756	134
12.59056	24
12.60356	86
12.61656	111
12.62956	61
12.64256	94
12.65556	46
12.66856	53
12.68156	135
12.69456	57
12.70756	0
12.72056	52
12.73356	17
12.74656	60
12.75956	68
12.77256	36
12.78556	49
12.79856	-4
12.81156	86
12.82456	-30
12.83756	91
12.85056	87
12.86356	127
12.87656	50
12.88956	55
12.90256	62
12.91556	14
12.92856	71
12.94156	117
12.95456	9
12.96756	51
12.98056	49
12.99356	47
13.00656	70
13.01956	9
13.03256	42
13.04556	12
13.05856	-39
13.07156	-4
13.08456	32
13.09756	18
13.11056	63
13.12356	120
13.13656	146
13.14956	135
13.16256	158
13.17556	99
13.18856	52
13.20156	11
13.21456	-8
13.22756	48
13.24056	27
13.25356	35
13.26656	50
13.27956	24
13.29256	67
13.30556	80
13.31856	30
13.33156	22
13.34456	45
13.35756	29
13.37056	1
13.38356	42
13.39656	110
13.40956	106
13.42256	72
13.43556	78
13.44856	80
13.46156	20
13.47456	40
13.48756	16
13.50056	46
13.51356	52
13.52656	56
13.53956	17
13.55256	26
13.56556	37
13.57856	3
13.59156	31
13.60456	63
13.61756	61
13.63056	27
13.64356	4
13.65656	93
13.66956	70
13.68256	61
13.69556	79
13.70856	59
13.72156	30
13.73456	33
13.74756	105
13.76056	90
13.77356	128
13.78656	45
13.79956	-2
13.81256	-11
13.82556	61
13.83856	15
13.85156	1
13.86456	86
13.87756	35
13.89056	105
13.90356	1
13.91656	100
13.92956	60
13.94256	123
13.95556	-21
13.96856	-42
13.98156	13
13.99456	88
14.00756	62
14.02056	138
14.03356	114
14.04656	41
14.05956	16
14.07256	52
14.08556	-2
14.09856	60
14.11156	144
14.12456	83
14.13756	79
14.15056	17
14.16356	135
14.17656	108
14.18956	62
14.20256	97
14.21556	84
14.22856	-5
14.24156	-16
14.25456	82
14.26756	125
14.28056	131
14.29356	158
14.30656	131
14.31956	116
14.33256	122
14.34556	40
14.35856	91
14.37156	102
14.38456	50
14.39756	9
14.41056	57
14.42356	75
14.43656	107
14.44956	102
14.46256	75
14.47556	71
14.48856	112
14.50156	153
14.51456	95
14.52756	58
14.54056	54
14.55356	76
14.56656	105
14.57956	109
14.59256	96
14.60556	93
14.61856	90
14.63156	58
14.64456	74
14.65756	101
14.67056	117
14.68356	86
14.69656	13
14.70956	14
14.72256	72
14.73556	104
14.74856	59
14.76156	85
14.77456	177
14.78756	155
14.80056	110
14.81356	60
14.82656	45
14.83956	8
14.85256	52
14.86556	149
14.87856	121
14.89156	96
14.90456	147
14.91756	62
14.93056	23
14.94356	70
14.95656	116
14.96956	43
14.98256	106
14.99556	126
15.00856	165
15.02156	189
15.03456	60
15.04756	119
15.06056	132
15.07356	73
15.08656	146
15.09956	143
15.11256	77
15.12556	-16
15.13856	129
15.15156	79
15.16456	136
15.17756	111
15.19056	227
15.20356	75
15.21656	180
15.22956	137
15.24256	238
15.25556	152
15.26856	170
15.28156	187
15.29456	209
15.30756	270
15.32056	218
15.33356	170
15.34656	211
15.35956	247
15.37256	252
15.38556	280
15.39856	273
15.41156	280
15.42456	245
15.43756	352
15.45056	381
15.46356	406
15.47656	438
15.48956	352
15.50256	362
15.51556	467
15.52856	352
15.54156	405
15.55456	464
15.56756	443
15.58056	476
15.59356	484
15.60656	508
15.61956	582
15.63256	630
15.64556	620
15.65856	660
15.67156	689
15.68456	674
15.69756	719
15.71056	750
15.72356	822
15.73656	880
15.74956	826
15.76256	839
15.77556	902
15.78856	899
15.80156	900
15.81456	904
15.82756	854
15.84056	962
15.85356	980
15.86656	875
15.87956	869
15.89256	853
15.90556	854
15.91856	841
15.93156	798
15.94456	762
15.95756	707
15.97056	682
15.98356	677
15.99656	668
16.00956	585
16.02256	518
16.03556	525
16.04856	505
16.06156	503
16.07456	410
16.08756	410
16.10056	405
16.11356	373
16.12656	288
16.13956	314
16.15256	325
16.16556	279
16.17856	270
16.19156	231
16.20456	197
16.21756	174
16.23056	173
16.24356	166
16.25656	143
16.26956	168
16.28256	132
16.29556	187
16.30856	233
16.32156	180
16.33456	142
16.34756	147
16.36056	190
16.37356	206
16.38656	168
16.39956	156
16.41256	139
16.42556	164
16.43856	131
16.45156	189
16.46456	163
16.47756	182
16.49056	108
16.50356	40
16.51656	45
16.52956	65
16.54256	181
16.55556	144
16.56856	63
16.58156	90
16.59456	92
16.60756	49
16.62056	169
16.63356	80
16.64656	113
16.65956	39
16.67256	92
16.68556	73
16.69856	3
16.71156	70
16.72456	44
16.73756	101
16.75056	43
16.76356	106
16.77656	64
16.78956	70
16.80256	28
16.81556	137
16.82856	78
16.84156	131
16.85456	130
16.86756	82
16.88056	25
16.89356	64
16.90656	11
16.91956	69
16.93256	41
16.94556	55
16.95856	107
16.97156	37
16.98456	51
16.99756	22
17.01056	-67
17.02356	-27
17.03656	65
17.04956	75
17.06256	80
17.07556	79
17.08856	30
17.10156	45
17.11456	59
17.12756	44
17.14056	64
17.15356	86
17.16656	39
17.17956	47
17.19256	31
17.20556	15
17.21856	83
17.23156	42
17.24456	36
17.25756	86
17.27056	65
17.28356	32
17.29656	11
17.30956	46
17.32256	74
17.33556	86
17.34856	34
17.36156	54
17.37456	87
17.38756	77
17.40056	131
17.41356	72
17.42656	26
17.43956	-15
17.45256	78
17.46556	110
17.47856	59
17.49156	44
17.50456	107
17.51756	56
17.53056	-31
17.54356	-23
17.55656	116
17.56956	87
17.58256	11
17.59556	30
17.60856	62
17.62156	45
17.63456	-9
17.64756	9
17.66056	-12
17.67356	18
17.68656	67
17.69956	78
17.71256	-37
17.72556	29
17.73856	-3
17.75156	-27
17.76456	55
17.77756	52
17.79056	46
17.80356	29
17.81656	50
17.82956	-42
17.84256	111
17.85556	31
17.86856	-37
17.88156	-154
17.89456	-14
17.90756	-158
17.92056	17
17.93356	21
17.94656	55
17.95956	57
17.97256	-8
17.98556	53
17.99856	57
18.01156	-16
18.02457	-11
18.03757	-28
18.05057	-24
18.06357	63
18.07657	51
18.08957	-20
18.10257	-37
18.11557	7
18.12857	-30
18.14157	-62
18.15457	-48
18.16757	-27
18.18057	77
18.19357	142
18.20657	71
18.21957	62
18.23257	23
18.24557	9
18.25857	14
18.27157	-53
18.28457	-37
18.29757	8
18.31057	25
18.32357	-11
18.33657	-48
18.34957	-58
18.36257	36
18.37557	17
18.38857	23
18.40157	0
18.41457	8
18.42757	-9
18.44057	14
18.45357	40
18.46657	38
18.47957	-10
18.49257	-32
18.50557	-31
18.51857	26
18.53157	67
18.54457	34
18.55757	19
18.57057	-53
18.58357	-44
18.59657	69
18.60957	79
18.62257	43
18.63557	43
18.64857	3
18.66157	31
18.67457	43
18.68757	69
18.70057	66
18.71357	-7
18.72657	48
18.73957	84
18.75257	64
18.76557	11
18.77857	126
18.79157	92
18.80457	4
18.81757	-83
18.83057	-54
18.84357	-4
18.85657	57
18.86957	17
18.88257	34
18.89557	-20
18.90857	58
18.92157	103
18.93457	60
18.94757	43
18.96057	46
18.97357	-12
18.98657	15
18.99957	120
19.01257	35
19.02557	-13
19.03857	85
19.05157	45
19.06457	22
19.07757	56
19.09057	60
19.10357	-98
19.11657	7
19.12957	-44
19.14257	-31
19.15557	-96
19.16857	52
19.18157	30
19.19457	90
19.20757	2
19.22057	75
19.23357	85
19.24657	10
19.25957	7
19.27257	40
19.28557	25
19.29857	21
19.31157	21
19.32457	-31
19.33757	17
19.35057	40
19.36357	82
19.37657	57
19.38957	62
19.40257	79
19.41557	143
19.42857	91
19.44157	52
19.45457	-7
19.46757	-20
19.48057	21
19.49357	90
19.50657	84
19.51957	138
19.53257	116
19.54557	-49
19.55857	3
19.57157	55
19.58457	82
19.59757	89
19.61057	108
19.62357	94
19.63657	79
19.64957	116
19.66257	93
19.67557	52
19.68857	58
19.70157	75
19.71457	33
19.72757	27
19.74057	47
19.75357	33
19.76657	-5
19.77957	39
19.79257	71
19.80557	104
19.81857	101
19.83157	72
19.84457	90
19.85757	123
19.87057	118
19.88357	20
19.89657	-24
19.90957	32
19.92257	80
19.93557	37
19.94857	-25
19.96157	-19
19.97457	-23
19.98757	-79
20.00057	31
20.01357	103
20.02657	96
20.03957	47
20.05257	65
20.06557	67
20.07857	23
20.09157	29
20.10457	110
20.11757	65
20.13057	97
20.14357	109
20.15657	130
20.16957	-21
20.18257	33
20.19557	90
20.20857	32
20.22157	-50
20.23457	54
20.24757	46
20.26057	23
20.27357	69
20.28657	53
20.29957	57
20.31257	-11
20.32557	47
20.33857	53
20.35157	30
20.36457	129
20.37757	27
20.39057	12
20.40357	2
20.41657	130
20.42957	-9
20.44257	1
20.45557	102
20.46857	38
20.48157	69
20.49457	40
20.50757	1
20.52057	87
20.53357	35
20.54657	17
20.55957	16
20.57257	33
20.58557	-9
20.59857	11
20.61157	10
20.62457	92
20.63757	14
20.65057	-37
20.66357	56
20.67657	43
20.68957	80
20.70257	34
20.71557	-18
20.72857	-22
20.74157	121
20.75457	86
20.76757	34
20.78057	12
20.79357	-10
20.80657	23
20.81957	-43
20.83257	14
20.84557	64
20.85857	34
20.87157	40
20.88457	73
20.89757	10
20.91057	-36
20.92357	1
20.93657	10
20.94957	29
20.96257	-25
20.97557	19
20.98857	66
21.00157	97
21.01457	36
21.02757	56
21.04057	86
21.05357	22
21.06657	-11
21.07957	21
21.09257	29
21.10557	32
21.11857	56
21.13157	15
21.14457	-34
21.15757	16
21.17057	56
21.18357	64
21.19657	106
21.20957	54
21.22257	-4
21.23557	3
21.24857	9
21.26157	26
21.27457	-41
21.28757	-34
21.30057	0
21.31357	23
21.32657	-1
21.33957	33
21.35257	81
21.36557	39
21.37857	59
21.39157	2
21.40457	-4
21.41757	96
21.43057	66
21.44357	-2
21.45657	-59
21.46957	54
21.48257	46
21.49557	83
21.50857	42
21.52157	11
21.53457	70
21.54757	-6
21.56057	-70
21.57357	-42
21.58657	137
21.59957	-27
21.61257	51
21.62557	49
21.63857	-15
21.65157	49
21.66457	95
21.67757	-16
21.69057	-14
21.70357	130
21.71657	35
21.72957	76
21.74257	-18
21.75557	-27
21.76857	73
21.78157	29
21.79457	117
21.80757	27
21.82057	-1
21.83357	-64
21.84657	-42
21.85957	60
21.87257	16
21.88557	33
21.89857	128
21.91157	-31
21.92457	-103
21.93757	10
21.95057	-3
21.96357	-5
21.97657	37
21.98957	-11
22.00257	52
22.01557	70
22.02857	-55
22.04157	29
22.05457	12
22.06757	-42
22.08057	10
22.09357	33
22.10657	-13
22.11957	-25
22.13257	-24
22.14557	-14
22.15857	13
22.17157	13
22.18457	-21
22.19757	-61
22.21057	-40
22.22357	17
22.23657	-18
22.24957	119
22.26257	88
22.27557	43
22.28857	29
22.30157	27
22.31457	31
22.32757	-9
22.34057	-22
22.35357	-40
22.36657	-8
22.37957	-5
22.39257	-48
22.40557	-30
22.41857	-2
22.43157	13
22.44457	63
22.45757	101
22.47057	85
22.48357	42
22.49657	-23
22.50957	-23
22.52257	16
22.53557	44
22.54857	86
22.56157	20
22.57457	-29
22.58757	-12
22.60057	32
22.61357	48
22.62657	14
22.63957	60
22.65257	-41
22.66557	-22
22.67857	-6
22.69157	-47
22.70457	-3
22.71757	74
22.73057	35
22.74357	48
22.75657	20
22.76957	-75
22.78257	-87
22.79557	-14
22.80857	62
22.82157	4
22.83457	55
22.84757	53
22.86057	53
22.87357	-2
22.88657	-21
22.89957	64
22.91257	-48
22.92557	18
22.93857	58
22.95157	102
22.96457	-48
22.97757	83
22.99057	8
23.00357	-10
23.01657	36
23.02957	113
23.04257	79
23.05557	-31
23.06857	-24
23.08157	120
23.09457	85
23.10757	-8
23.12057	15
23.13357	26
23.14657	3
23.15957	42
23.17257	15
23.18557	-25
23.19857	31
23.21157	-42
23.22457	19
23.23757	66
23.25057	66
23.26357	-70
23.27657	72
23.28957	-28
23.30257	-63
23.31557	95
23.32857	134
23.34157	79
23.35457	27
23.36757	-11
23.38057	-36
23.39357	20
23.40657	56
23.41957	49
23.43257	69
23.44557	18
23.45857	12
23.47157	35
23.48457	-2
23.49757	12
23.51057	31
23.52357	24
23.53657	26
23.54957	-2
23.56257	51
23.57557	-5
23.58857	-94
23.60157	-68
23.61457	-54
23.62757	-57
23.64057	-63
23.65357	-60
23.66657	23
23.67957	50
23.69257	-6
23.70557	2
23.71857	31
23.73157	20
23.74457	-19
23.75757	-53
23.77057	-12
23.78357	17
23.79657	33
23.80957	96
23.82257	112
23.83557	79
23.84857	26
23.86157	1
23.87457	23
23.88757	49
23.90057	27
23.91357	-8
23.92657	21
23.93957	-17
23.95257	-35
23.96557	-46
23.97857	-44
23.99157	-59
24.00457	12
24.01757	39
24.03057	40
24.04357	139
24.05657	107
24.06957	91
24.08257	-17
24.09557	-50
24.10857	-2
24.12157	41
24.13457	97
24.14757	-21
24.16057	53
24.17357	116
24.18657	50
24.19957	8
24.21257	-37
24.22557	32
24.23857	60
24.25157	47
24.26457	48
24.27757	97
24.29057	13
24.30357	31
24.31657	-13
24.32957	42
24.34257	176
24.35557	36
24.36857	8
24.38157	21
24.39457	-1
24.40757	-18
24.42057	32
24.43357	54
24.44657	38
24.45957	100
24.47257	28
24.48557	73
24.49857	101
24.51157	32
24.52457	59
24.53757	52
24.55057	-37
24.56357	34
24.57657	51
24.58957	35
24.60257	-3
24.61557	29
24.62857	-13
24.64157	13
24.65457	-17
24.66757	39
24.68057	16
24.69357	182
24.70657	92
24.71957	110
24.73257	119
24.74557	56
24.75857	18
24.77157	37
24.78457	-10
24.79757	-14
24.81057	-24
24.82357	33
24.83657	120
24.84957	111
24.86257	102
24.87557	64
24.88857	13
24.90157	3
24.91457	29
24.92757	-23
24.94057	-40
24.95357	-76
24.96657	-4
24.97957	50
24.99257	27
25.00557	65
25.01857	80
25.03157	32
25.04457	56
25.05757	118
25.07057	43
25.08357	9
25.09657	31
25.10957	33
25.12257	49
25.13557	30
25.14857	50
25.16157	31
25.17457	-3
25.18757	11
25.20057	13
25.21357	14
25.22657	53
25.23957	34
25.25257	16
25.26557	88
25.27857	79
25.29157	38
25.30457	43
25.31757	43
25.33057	154
25.34357	99
25.35657	30
25.36957	32
25.38257	82
25.39557	32
25.40857	59
25.42157	159
25.43457	117
25.44757	55
25.46057	-17
25.47357	-8
25.48657	5
25.49957	-28
25.51257	56
25.52557	80
25.53857	48
25.55157	5
25.56457	42
25.57757	-54
25.59057	81
25.60357	127
25.61657	131
25.62957	81
25.64257	37
25.65557	-2
25.66857	144
25.68157	136
25.69457	73
25.70757	152
25.72057	47
25.73357	55
25.74657	166
25.75957	73
25.77257	114
25.78557	183
25.79857	67
25.81157	147
25.82457	106
25.83757	201
25.85057	172
25.86357	143
25.87657	263
25.88957	297
25.90257	333
25.91557	221
25.92857	233
25.94157	262
25.95457	308
25.96757	391
25.98057	412
25.99357	389
26.00657	423
26.01957	464
26.03257	579
26.04557	552
26.05857	655
26.07157	664
26.08457	698
26.09757	822
26.11057	904
26.12357	917
26.13657	1002
26.14957	1027
26.16257	1070
26.17557	1185
26.18857	1298
26.20157	1320
26.21457	1322
26.22757	1370
26.24057	1465
26.25357	1534
26.26657	1609
26.27957	1632
26.29257	1649
26.30557	1612
26.31857	1535
26.33157	1506
26.34457	1541
26.35757	1473
26.37057	1344
26.38357	1343
26.39657	1295
26.40957	1166
26.42257	1122
26.43557	984
26.44857	884
26.46157	879
26.47457	779
26.48757	789
26.50057	679
26.51357	563
26.52657	596
26.53957	569
26.55257	567
26.56557	567
26.57857	509
26.59157	461
26.60457	495
26.61757	488
26.63057	539
26.64357	457
26.65657	452
26.66957	464
26.68257	371
26.69557	356
26.70857	341
26.72157	345
26.73457	330
26.74757	367
26.76057	286
26.77357	432
26.78657	380
26.79957	409
26.81257	462
26.82557	420
26.83857	436
26.85157	485
26.86457	378
26.87757	438
26.89057	474
26.90357	450
26.91657	485
26.92957	520
26.94257	506
26.95557	604
26.96857	626
26.98157	579
26.99457	561
27.00757	645
27.02057	645
27.03357	730
27.04657	722
27.05957	669
27.07257	747
27.08557	749
27.09857	770
27.11157	879
27.12457	835
27.13757	877
27.15057	960
27.16357	967
27.17657	1012
27.18957	1038
27.20257	1151
27.21557	1143
27.22857	1174
27.24157	1308
27.25457	1405
27.26757	1416
27.28057	1431
27.29357	1336
27.30657	1502
27.31957	1643
27.33257	1615
27.34557	1643
27.35857	1674
27.37157	1653
27.38457	1725
27.39757	1874
27.41057	1961
27.42357	2099
27.43657	2177
27.44957	2121
27.46257	2196
27.47557	2293
27.48857	2326
27.50157	2332
27.51457	2379
27.52757	2433
27.54057	2481
27.55357	2475
27.56657	2563
27.57957	2648
27.59257	2664
27.60557	2689
27.61857	2814
27.63157	2902
27.64457	2820
27.65757	2861
27.67057	2998
27.68357	3013
27.69657	3108
27.70957	3224
27.72257	3227
27.73557	3312
27.74857	3459
27.76157	3460
27.77457	3471
27.78757	3607
27.80057	3637
27.81357	3756
27.82657	3888
27.83957	3876
27.85257	3963
27.86557	3969
27.87857	3980
27.89157	4067
27.90457	4080
27.91757	4178
27.93057	4247
27.94357	4216
27.95657	4196
27.96957	4213
27.98257	4284
27.99557	4295
28.00857	4338
28.02157	4271
28.03457	4009
28.04757	3919
28.06057	3978
28.07357	3911
28.08657	3919
28.09957	3918
28.11257	3845
28.12557	3700
28.13857	3585
28.15157	3450
28.16457	3438
28.17757	3441
28.19057	3238
28.20357	3156
28.21657	2950
28.22957	2870
28.24257	2715
28.25557	2646
28.26857	2567
28.28157	2512
28.29457	2334
28.30757	2240
28.32057	2294
28.33357	2005
28.34657	1897
28.35957	1829
28.37257	1799
28.38557	1719
28.39857	1673
28.41157	1508
28.42457	1414
28.43757	1434
28.45057	1365
28.46357	1232
28.47657	1393
28.48957	1197
28.50257	1161
28.51557	1204
28.52857	1063
28.54157	1069
28.55457	920
28.56757	976
28.58057	981
28.59357	905
28.60657	982
28.61957	924
28.63257	879
28.64557	760
28.65857	857
28.67157	871
28.68457	779
28.69757	797
28.71057	820
28.72357	746
28.73657	754
28.74957	755
28.76257	734
28.77557	749
28.78857	754
28.80157	745
28.81457	754
28.82757	769
28.84057	792
28.85357	826
28.86657	870
28.87957	782
28.89257	842
28.90557	960
28.91857	969
28.93157	955
28.94457	1036
28.95757	1015
28.97057	997
28.98357	1074
28.99657	1112
29.00957	1203
29.02257	1271
29.03557	1285
29.04857	1287
29.06157	1319
29.07457	1359
29.08757	1375
29.10057	1442
29.11357	1482
29.12657	1525
29.13957	1520
29.15257	1546
29.16557	1531
29.17857	1491
29.19157	1622
29.20457	1573
29.21757	1480
29.23057	1464
29.24357	1572
29.25657	1544
29.26957	1400
29.28257	1289
29.29557	1292
29.30857	1352
29.32157	1408
29.33457	1326
29.34757	1172
29.36057	1103
29.37357	1168
29.38657	1040
29.39957	1162
29.41257	1016
29.42557	1006
29.43857	953
29.45157	991
29.46457	863
29.47757	918
29.49057	864
29.50357	903
29.51657	869
29.52957	841
29.54257	780
29.55557	811
29.56857	908
29.58157	816
29.59457	887
29.60757	913
29.62057	936
29.63357	896
29.64657	999
29.65957	930
29.67257	1034
29.68557	1017
29.69857	1049
29.71157	1086
29.72457	1053
29.73757	1307
29.75057	1323
29.76357	1369
29.77657	1505
29.78957	1405
29.80257	1543
29.81557	1750
29.82857	1860
29.84157	1915
29.85457	2006
29.86757	2084
29.88057	2356
29.89357	2507
29.90657	2548
29.91957	2670
29.93257	2921
29.94557	3197
29.95857	3310
29.97157	3618
29.98457	3859
29.99757	4014
30.01057	4151
30.02357	4353
30.03657	4636
30.04957	4867
30.06257	4891
30.07557	4979
30.08857	5033
30.10157	5113
30.11457	5247
30.12757	5263
30.14057	5177
30.15357	5091
30.16657	5006
30.17957	4941
30.19257	4746
30.20557	4648
30.21857	4393
30.23157	4023
30.24457	3736
30.25757	3616
30.27057	3469
30.28357	3189
30.29657	2913
30.30957	2664
30.32257	2480
30.33557	2307
30.34857	2102
30.36157	1907
30.37457	1755
30.38757	1685
30.40057	1551
30.41357	1385
30.42657	1279
30.43957	1186
30.45257	1210
30.46557	1084
30.47857	1017
30.49157	972
30.50457	841
30.51757	806
30.53057	729
30.54357	756
30.55657	751
30.56957	678
30.58257	624
30.59557	523
30.60857	442
30.62157	524
30.63457	566
30.64757	427
30.66057	320
30.67357	466
30.68657	476
30.69957	471
30.71257	452
30.72557	480
30.73857	393
30.75157	371
30.76457	368
30.77757	357
30.79057	318
30.80357	246
30.81657	239
30.82957	238
30.84257	223
30.85557	334
30.86857	240
30.88157	244
30.89457	210
30.90757	83
30.92057	166
30.93357	130
30.94657	193
30.95957	259
30.97257	227
30.98557	166
30.99857	71
31.01157	240
31.02457	119
31.03757	144
31.05057	146
31.06357	191
31.07657	148
31.08957	141
31.10257	303
31.11557	209
31.12857	198
31.14157	181
31.15457	206
31.16757	81
31.18057	183
31.19357	91
31.20657	112
31.21957	131
31.23257	167
31.24557	128
31.25857	113
31.27157	236
31.28457	267
31.29757	213
31.31057	203
31.32357	89
31.33657	212
31.34957	273
31.36257	222
31.37557	209
31.38857	231
31.40157	191
31.41457	263
31.42757	263
31.44057	210
31.45357	236
31.46657	293
31.47957	338
31.49257	303
31.50557	387
31.51857	379
31.53157	361
31.54457	336
31.55757	348
31.57057	339
31.58357	311
31.59657	394
31.60957	371
31.62257	269
31.63557	319
31.64857	407
31.66157	378
31.67457	367
31.68757	401
31.70057	371
31.71357	366
31.72657	429
31.73957	490
31.75257	461
31.76557	414
31.77857	464
31.79157	554
31.80457	515
31.81757	515
31.83057	515
31.84357	463
31.85657	535
31.86957	539
31.88257	500
31.89557	635
31.90857	617
31.92157	513
31.93457	480
31.94757	425
31.96057	521
31.97357	590
31.98657	496
31.99957	575
32.01257	550
32.02557	662
32.03857	637
32.05157	699
32.06457	631
32.07757	689
32.09057	706
32.10357	719
32.11657	745
32.12957	776
32.14257	553
32.15557	692
32.16857	813
32.18157	747
32.19457	737
32.20757	825
32.22057	712
32.23357	773
32.24657	945
32.25957	822
32.27257	870
32.28557	938
32.29857	826
32.31157	914
32.32457	883
32.33757	869
32.35057	779
32.36357	829
32.37657	843
32.38957	850
32.40257	826
32.41557	777
32.42857	829
32.44157	836
32.45457	872
32.46757	766
32.48057	682
32.49357	647
32.50657	636
32.51957	641
32.53257	631
32.54557	572
32.55857	464
32.57157	572
32.58457	402
32.59757	420
32.61057	348
32.62357	374
32.63657	308
32.64957	287
32.66257	339
32.67557	239
32.68857	288
32.70157	195
32.71457	235
32.72757	170
32.74057	176
32.75357	178
32.76657	163
32.77957	223
32.79257	159
32.80557	143
32.81857	140
32.83157	65
32.84457	119
32.85757	139
32.87057	79
32.88357	79
32.89657	66
32.90957	88
32.92257	85
32.93557	77
32.94857	156
32.96157	95
32.97457	10
32.98757	46
33.00057	95
33.01357	143
33.02657	117
33.03957	58
33.05257	0
33.06557	-32
33.07857	-7
33.09157	65
33.10457	74
33.11757	35
33.13057	19
33.14357	85
33.15657	98
33.16957	36
33.18257	3
33.19557	41
33.20857	-65
33.22157	23
33.23457	10
33.24757	-21
33.26057	18
33.27357	129
33.28657	65
33.29957	-44
33.31257	-25
33.32557	24
33.33857	-23
33.35157	-4
33.36457	21
33.37757	5
33.39057	42
33.40357	12
33.41657	28
33.42957	-18
33.44257	49
33.45557	42
33.46857	23
33.48157	26
33.49457	-50
33.50757	-4
33.52057	34
33.53357	34
33.54657	33
33.55957	59
33.57257	48
33.58557	35
33.59857	57
33.61157	-44
33.62457	55
33.63757	-86
33.65057	32
33.66357	108
33.67657	4
33.68957	-2
33.70257	41
33.71557	-76
33.72857	-1
33.74157	-6
33.75457	-36
33.76757	21
33.78057	-49
33.79357	32
33.80657	5
33.81957	-26
33.83257	43
33.84557	80
33.85857	10
33.87157	-30
33.88457	75
33.89757	-4
33.91057	38
33.92357	16
33.93657	-5
33.94957	2
33.96257	62
33.97557	86
33.98857	-17
34.00157	-88
34.01457	-18
34.02757	-54
34.04057	-38
34.05357	-26
34.06657	-19
34.07957	69
34.09257	80
34.10557	-7
34.11857	20
34.13157	-49
34.14457	-76
34.15757	9
34.17057	-33
34.18357	-46
34.19657	-5
34.20957	14
34.22257	51
34.23557	40
34.24857	-44
34.26157	-9
34.27457	75
34.28757	22
34.30057	-1
34.31357	13
34.32657	31
34.33957	41
34.35257	-12
34.36557	-19
34.37857	-9
34.39157	-25
34.40457	-28
34.41757	33
34.43057	61
34.44357	46
34.45657	-2
34.46957	-27
34.48257	84
34.49557	102
34.50857	13
34.52157	115
34.53457	5
34.54757	-73
34.56057	-13
34.57357	26
34.58657	29
34.59957	0
34.61257	-18
34.62557	-34
34.63857	18
34.65157	17
34.66457	54
34.67757	35
34.69057	0
34.70357	-85
34.71657	-30
34.72957	-72
34.74257	-56
34.75557	-93
34.76857	35
34.78157	38
34.79457	-90
34.80757	-4
34.82057	43
34.83357	-36
34.84657	-79
34.85957	117
34.87257	-35
34.88557	-29
34.89857	22
34.91157	69
34.92457	-13
34.93757	-18
34.95057	-11
34.96357	12
34.97657	62
34.98957	-2
35.00257	-8
35.01557	23
35.02857	17
35.04157	9
35.05457	-22
35.06757	-119
35.08057	55
35.09357	38
35.10657	-30
35.11957	-27
35.13257	47
35.14557	38
35.15857	-42
35.17157	-1
35.18457	-8
35.19757	-16
35.21057	22
35.22357	13
35.23657	-31
35.24957	-63
35.26257	-54
35.27557	-68
35.28857	-66
35.30157	12
35.31457	83
35.32757	39
35.34057	40
35.35357	77
35.36657	49
35.37957	67
35.39257	33
35.40557	6
35.41857	36
35.43157	103
35.44457	25
35.45757	-72
35.47057	-53
35.48357	-64
35.49657	-85
35.50957	-9
35.52257	29
35.53557	-5
35.54857	-8
35.56157	-18
35.57457	42
35.58757	72
35.60057	-10
35.61357	26
35.62657	23
35.63957	7
35.65257	112
35.66557	89
35.67857	71
35.69157	102
35.70457	101
35.71757	110
35.73057	80
35.74357	103
35.75657	28
35.76957	14
35.78257	92
35.79557	93
35.80857	89
35.82157	188
35.83457	128
35.84757	173
35.86057	86
35.87357	30
35.88657	51
35.89957	121
35.91257	83
35.92557	90
35.93857	72
35.95157	107
35.96457	112
35.97757	153
35.99057	88
36.00357	115
36.01657	207
36.02957	179
36.04257	99
36.05557	-48
36.06857	53
36.08157	74
36.09457	65
36.10757	175
36.12057	169
36.13357	121
36.14657	198
36.15957	106
36.17257	100
36.18557	138
36.19857	227
36.21157	209
36.22457	106
36.23757	135
36.25057	102
36.26357	126
36.27657	166
36.28957	116
36.30257	84
36.31557	114
36.32857	64
36.34157	148
36.35457	185
36.36757	59
36.38057	64
36.39357	51
36.40657	98
36.41957	83
36.43257	129
36.44557	99
36.45857	75
36.47157	63
36.48457	-31
36.49757	40
36.51057	133
36.52357	26
36.53657	60
36.54957	119
36.56257	82
36.57557	77
36.58857	54
36.60157	47
36.61457	30
36.62757	-32
36.64057	-66
36.65357	-52
36.66657	101
36.67957	76
36.69257	25
36.70557	-4
36.71857	-34
36.73157	5
36.74457	37
36.75757	77
36.77057	74
36.78357	52
36.79657	-3
36.80957	-44
36.82257	-50
36.83557	13
36.84857	38
36.86157	-46
36.87457	-6
36.88757	57
36.90057	42
36.91357	24
36.92657	16
36.93957	-16
36.95257	-56
36.96557	-9
36.97857	30
36.99157	79
37.00457	31
37.01757	-18
37.03057	-32
37.04357	50
37.05657	28
37.06957	-17
37.08257	-18
37.09557	-44
37.10857	76
37.12157	87
37.13457	53
37.14757	-19
37.16057	-7
37.17357	-126
37.18657	-36
37.19957	-3
37.21257	31
37.22557	21
37.23857	8
37.25157	34
37.26457	26
37.27757	-44
37.29057	-10
37.30357	-11
37.31657	-88
37.32957	26
37.34257	14
37.35557	-18
37.36857	13
37.38157	3
37.39457	-19
37.40757	80
37.42057	92
37.43357	18
37.44657	25
37.45957	-140
37.47257	-27
37.48557	95
37.49857	-22
37.51157	-28
37.52457	-35
37.53757	-24
37.55057	-40
37.56357	-87
37.57657	49
37.58957	-59
37.60257	15
37.61557	-42
37.62857	-78
37.64157	54
37.65457	-66
37.66757	-41
37.68057	-1
37.69357	45
37.70657	18
37.71957	94
37.73257	-20
37.74557	-11
37.75857	-22
37.77157	11
37.78457	7
37.79757	-25
37.81057	-94
37.82357	-81
37.83657	-43
37.84957	-49
37.86257	4
37.87557	39
37.88857	51
37.90157	-20
37.91457	16
37.92757	91
37.94057	56
37.95357	-18
37.96657	-32
37.97957	13
37.99257	94
38.00557	64
38.01857	-13
38.03157	-16
38.04457	-3
38.05757	-15
38.07057	-11
38.08357	47
38.09657	82
38.10957	5
38.12257	-44
38.13557	6
38.14857	29
38.16157	73
38.17457	133
38.18757	31
38.20057	-34
38.21357	37
38.22657	54
38.23957	19
38.25257	-36
38.26557	-18
38.27857	14
38.29157	31
38.30457	100
38.31757	74
38.33057	35
38.34357	55
38.35657	-6
38.36957	70
38.38257	123
38.39557	9
38.40857	-48
38.42157	32
38.43457	96
38.44757	66
38.46057	64
38.47357	-45
38.48657	67
38.49957	38
38.51257	4
38.52557	103
38.53857	71
38.55157	37
38.56457	-17
38.57757	10
38.59057	-31
38.60357	78
38.61657	165
38.62957	85
38.64257	8
38.65557	21
38.66857	9
38.68157	83
38.69457	46
38.70757	96
38.72057	113
38.73357	65
38.74657	132
38.75957	173
38.77257	117
38.78557	185
38.79857	164
38.81157	166
38.82457	201
38.83757	165
38.85057	283
38.86357	194
38.87657	164
38.88957	119
38.90257	132
38.91557	158
38.92857	110
38.94157	227
38.95457	70
38.96757	209
38.98057	221
38.99357	346
39.00657	328
39.01957	242
39.03257	339
39.04557	420
39.05857	291
39.07157	432
39.08457	434
39.09757	361
39.11057	424
39.12357	443
39.13657	382
39.14957	422
39.16257	457
39.17557	462
39.18857	611
39.20157	699
39.21457	646
39.22757	670
39.24057	777
39.25357	872
39.26657	903
39.27957	911
39.29257	985
39.30557	999
39.31857	1043
39.33157	1102
39.34457	1161
39.35757	1178
39.37057	1228
39.38357	1382
39.39657	1400
39.40957	1464
39.42257	1601
39.43557	1646
39.44857	1725
39.46157	1813
39.47457	1965
39.48757	2043
39.50057	2121
39.51357	2285
39.52657	2259
39.53957	2247
39.55257	2315
39.56557	2342
39.57857	2410
39.59157	2530
39.60457	2678
39.61757	2690
39.63057	2534
39.64357	2538
39.65657	2574
39.66957	2594
39.68257	2628
39.69557	2621
39.70857	2648
39.72157	2597
39.73457	2499
39.74757	2479
39.76057	2423
39.77357	2375
39.78657	2312
39.79957	2295
39.81257	2238
39.82557	2162
39.83857	2129
39.85157	1923
39.86457	1739
39.87757	1735
39.89057	1757
39.90357	1679
39.91657	1607
39.92957	1530
39.94257	1518
39.95557	1399
39.96857	1474
39.98157	1325
39.99457	1199
40.00757	1139
40.02057	1047
40.03357	1072
40.04657	884
40.05957	971
40.07257	928
40.08557	898
40.09857	798
40.11157	672
40.12457	667
40.13757	756
40.15057	752
40.16357	717
40.17657	642
40.18957	763
40.20257	606
40.21557	632
40.22857	546
40.24157	565
40.25457	480
40.26757	441
40.28057	445
40.29357	318
40.30657	416
40.31957	378
40.33257	316
40.34557	333
40.35857	236
40.37157	309
40.38457	230
40.39757	251
40.41057	301
40.42357	248
40.43657	298
40.44957	253
40.46257	261
40.47557	146
40.48857	125
40.50157	163
40.51457	167
40.52757	144
40.54057	137
40.55357	62
40.56657	169
40.57957	162
40.59257	46
40.60557	128
40.61857	89
40.63157	52
40.64457	20
40.65757	-9
40.67057	2
40.68357	22
40.69657	81
40.70957	75
40.72257	86
40.73557	105
40.74857	70
40.76157	44
40.77457	10
40.78757	-20
40.80057	-16
40.81357	-22
40.82657	6
40.83957	7
40.85257	-38
40.86557	-18
40.87857	-16
40.89157	34
40.90457	92
40.91757	59
40.93057	20
40.94357	17
40.95657	62
40.96957	33
40.98257	80
40.99557	58
41.00857	-10
41.02157	8
41.03457	-5
41.04757	-10
41.06057	62
41.07357	-17
41.08657	-134
41.09957	-42
41.11257	27
41.12557	0
41.13857	27
41.15157	-51
41.16457	-64
41.17757	-50
41.19057	-55
41.20357	-48
41.21657	-114
41.22957	-141
41.24257	-42
41.25557	-93
41.26857	-138
41.28157	9
41.29457	-61
41.30757	63
41.32057	-126
41.33357	-35
41.34657	41
41.35957	-91
41.37257	-171
41.38557	-54
41.39857	26
41.41157	-25
41.42457	-13
41.43757	-35
41.45057	-73
41.46357	27
41.47657	-1
41.48957	-69
41.50257	-26
41.51557	-132
41.52857	-120
41.54157	-21
41.55457	-67
41.56757	-67
41.58057	74
41.59357	39
41.60657	-84
41.61957	-34
41.63257	16
41.64557	-45
41.65857	-3
41.67157	-10
41.68457	25
41.69757	-1
41.71057	51
41.72357	-89
41.73657	1
41.74957	-51
41.76257	-71
41.77557	-20
41.78857	-61
41.80157	-68
41.81457	17
41.82757	43
41.84057	45
41.85357	19
41.86657	-29
41.87957	-73
41.89257	-131
41.90557	-85
41.91857	-80
41.93157	-40
41.94457	-1
41.95757	11
41.97057	41
41.98357	77
41.99657	40
42.00957	4
42.02257	-19
42.03557	-44
42.04857	-79
42.06157	-102
42.07457	-109
42.08757	-85
42.10057	-79
42.11357	-79
42.12657	-90
42.13957	-99
42.15257	-87
42.16557	-24
42.17857	63
42.19157	50
42.20457	63
42.21757	31
42.23057	41
42.24357	68
42.25657	8
42.26957	-1
42.28257	11
42.29557	92
42.30857	62
42.32157	-11
42.33457	44
42.34757	96
42.36057	114
42.37357	163
42.38657	95
42.39957	65
42.41257	57
42.42557	112
42.43857	104
42.45157	115
42.46457	64
42.47757	44
42.49057	11
42.50357	28
42.51657	62
42.52957	17
42.54257	60
42.55557	107
42.56857	126
42.58157	136
42.59457	100
42.60757	34
42.62057	41
42.63357	92
42.64657	109
42.65957	15
42.67257	75
42.68557	123
42.69857	68
42.71157	-24
42.72457	26
42.73757	47
42.75057	-10
42.76357	9
42.77657	-8
42.78957	-13
42.80257	66
42.81557	84
42.82857	45
42.84157	48
42.85457	27
42.86757	140
42.88057	-3
42.89357	100
42.90657	93
42.91957	133
42.93257	-19
42.94557	59
42.95857	50
42.97157	-17
42.98457	4
42.99757	-20
43.01057	38
43.02357	56
43.03657	22
43.04957	3
43.06257	-31
43.07557	15
43.08857	19
43.10157	-1
43.11457	-18
43.12757	-11
43.14057	34
43.15357	5
43.16657	53
43.17957	122
43.19257	64
43.20557	0
43.21857	-15
43.23157	20
43.24457	31
43.25757	-40
43.27057	-82
43.28357	-77
43.29657	-50
43.30957	1
43.32257	22
43.33557	14
43.34857	8
43.36157	-18
43.37457	-15
43.38757	-43
43.40057	-38
43.41357	52
43.42657	97
43.43957	70
43.45257	58
43.46557	88
43.47857	61
43.49157	34
43.50457	27
43.51757	11
43.53057	30
43.54357	-22
43.55657	-39
43.56957	-35
43.58257	-41
43.59557	79
43.60857	44
43.62157	-44
43.63457	-28
43.64757	69
43.66057	97
43.67357	58
43.68657	-11
43.69957	47
43.71257	53
43.72557	138
43.73857	43
43.75157	64
43.76457	115
43.77757	33
43.79057	22
43.80357	-6
43.81657	52
43.82957	97
43.84257	163
43.85557	140
43.86857	81
43.88157	80
43.89457	98
43.90757	145
43.92057	202
43.93357	184
43.94657	91
43.95957	121
43.97257	198
43.98557	89
43.99857	193
44.01157	220
44.02457	176
44.03757	227
44.05057	325
44.06357	430
44.07657	393
44.08957	256
44.10257	411
44.11557	304
44.12857	366
44.14157	429
44.15457	435
44.16757	430
44.18057	546
44.19357	697
44.20657	687
44.21957	633
44.23257	660
44.24557	802
44.25857	905
44.27157	1001
44.28457	1006
44.29757	1072
44.31057	1255
44.32357	1327
44.33657	1517
44.34957	1445
44.36257	1610
44.37557	1755
44.38857	2040
44.40157	2125
44.41457	2226
44.42757	2324
44.44057	2512
44.45357	2676
44.46657	2889
44.47957	3048
44.49257	3243
44.50557	3504
44.51857	3598
44.53157	3797
44.54457	3875
44.55757	3986
44.57057	4089
44.58357	4203
44.59657	4265
44.60957	4278
44.62257	4213
44.63557	4154
44.64857	4204
44.66157	4100
44.67457	3975
44.68757	3932
44.70057	3801
44.71357	3644
44.72657	3504
44.73957	3254
44.75257	3064
44.76557	2958
44.77857	2699
44.79157	2500
44.80457	2396
44.81757	2239
44.83057	2110
44.84357	1974
44.85657	1799
44.86957	1673
44.88257	1542
44.89557	1388
44.90857	1291
44.92157	1249
44.93457	1165
44.94757	1089
44.96057	1069
44.97357	991
44.98657	930
44.99957	923
45.01257	851
45.02557	821
45.03857	740
45.05157	655
45.06457	651
45.07757	705
45.09057	649
45.10357	585
45.11657	546
45.12957	576
45.14257	461
45.15557	467
45.16857	440
45.18157	434
45.19457	500
45.20757	478
45.22057	477
45.23357	419
45.24657	482
45.25957	391
45.27257	520
45.28557	483
45.29857	302
45.31157	406
45.32457	326
45.33757	331
45.35057	378
45.36357	413
45.37657	453
45.38957	482
45.40257	548
45.41557	333
45.42857	302
45.44157	439
45.45457	504
45.46757	394
45.48057	296
45.49357	460
45.50657	388
45.51957	540
45.53257	503
45.54557	602
45.55857	521
45.57157	474
45.58457	467
45.59757	547
45.61057	495
45.62357	482
45.63657	549
45.64957	553
45.66257	513
45.67557	599
45.68857	694
45.70157	672
45.71457	598
45.72757	637
45.74057	733
45.75357	738
45.76657	735
45.77957	820
45.79257	800
45.80557	875
45.81857	876
45.83157	901
45.84457	945
45.85757	988
45.87057	1076
45.88357	1104
45.89657	1124
45.90957	1142
45.92257	1180
45.93557	1279
45.94857	1350
45.96157	1407
45.97457	1468
45.98757	1597
46.00057	1720
46.01357	1668
46.02657	1646
46.03957	1801
46.05257	1993
46.06557	2172
46.07857	2250
46.09157	2230
46.10457	2347
46.11757	2524
46.13057	2639
46.14357	2735
46.15657	2806
46.16957	2997
46.18257	3093
46.19557	3053
46.20857	3100
46.22157	3136
46.23457	3328
46.24757	3399
46.26057	3467
46.27357	3512
46.28657	3536
46.29957	3441
46.31257	3527
46.32557	3505
46.33857	3548
46.35157	3455
46.36457	3365
46.37757	3360
46.39057	3347
46.40357	3185
46.41657	2949
46.42957	3089
46.44257	2909
46.45557	2771
46.46857	2760
46.48157	2604
46.49457	2535
46.50757	2408
46.52057	2230
46.53357	2159
46.54657	2172
46.55957	1947
46.57257	1767
46.58557	1863
46.59857	1737
46.61157	1711
46.62457	1540
46.63757	1435
46.65057	1337
46.66357	1314
46.67657	1319
46.68957	1326
46.70257	1087
46.71557	1069
46.72857	1033
46.74157	934
46.75457	990
46.76757	876
46.78057	938
46.79357	608
46.80657	615
46.81957	695
46.83257	641
46.84557	848
46.85857	674
46.87157	513
46.88457	476
46.89757	553
46.91057	533
46.92357	493
46.93657	448
46.94957	533
46.96257	439
46.97557	486
46.98857	500
47.00157	436
47.01457	433
47.02757	483
47.04057	492
47.05357	477
47.06657	490
47.07957	368
47.09257	443
47.10557	414
47.11857	425
47.13157	411
47.14457	397
47.15757	347
47.17057	348
47.18357	389
47.19657	315
47.20957	331
47.22257	319
47.23557	404
47.24857	399
47.26157	351
47.27457	352
47.28757	346
47.30057	358
47.31357	291
47.32657	294
47.33957	322
47.35257	294
47.36557	319
47.37857	261
47.39157	234
47.40457	286
47.41757	292
47.43057	271
47.44357	253
47.45657	312
47.46957	270
47.48257	218
47.49557	169
47.50857	131
47.52157	126
47.53457	90
47.54757	183
47.56057	211
47.57357	89
47.58657	155
47.59957	213
47.61257	189
47.62557	129
47.63857	92
47.65157	166
47.66457	162
47.67757	119
47.69057	5
47.70357	136
47.71657	174
47.72957	177
47.74257	93
47.75557	83
47.76857	129
47.78157	148
47.79457	99
47.80757	42
47.82057	34
47.83357	140
47.84657	120
47.85957	134
47.87257	136
47.88557	135
47.89857	152
47.91157	153
47.92457	169
47.93757	198
47.95057	285
47.96357	127
47.97657	220
47.98957	146
48.00257	267
48.01557	235
48.02857	187
48.04157	247
48.05457	200
48.06757	261
48.08057	326
48.09357	231
48.10657	362
48.11957	361
48.13257	356
48.14557	307
48.15857	396
48.17157	319
48.18457	359
48.19757	297
48.21057	443
48.22357	450
48.23657	492
48.24957	505
48.26257	438
48.27557	460
48.28857	562
48.30157	684
48.31457	626
48.32757	634
48.34057	664
48.35357	763
48.36657	613
48.37957	700
48.39257	651
48.40557	682
48.41857	764
48.43157	822
48.44457	851
48.45757	837
48.47057	852
48.48357	930
48.49657	978
48.50957	979
48.52257	968
48.53557	1067
48.54857	1026
48.56157	947
48.57457	992
48.58757	1029
48.60057	1037
48.61357	1019
48.62657	1086
48.63957	1203
48.65257	1229
48.66557	1279
48.67857	1306
48.69157	1242
48.70457	1246
48.71757	1243
48.73057	1242
48.74357	1294
48.75657	1336
48.76957	1411
48.78257	1422
48.79557	1410
48.80857	1250
48.82157	1180
48.83457	1228
48.84757	1199
48.86057	1283
48.87357	1349
48.88657	1261
48.89957	1190
48.91257	1324
48.92557	1422
48.93857	1249
48.95157	1219
48.96457	1284
48.97757	1274
48.99057	1234
49.00357	1162
49.01657	1296
49.02957	1180
49.04257	1132
49.05557	1139
49.06857	1203
49.08157	1161
49.09457	1165
49.10757	1038
49.12057	1072
49.13357	1049
49.14657	937
49.15957	984
49.17257	975
49.18557	913
49.19857	955
49.21157	967
49.22457	931
49.23757	813
49.25057	776
49.26357	786
49.27657	683
49.28957	748
49.30257	592
49.31557	722
49.32857	659
49.34157	556
49.35457	527
49.36757	672
49.38057	481
49.39357	615
49.40657	504
49.41957	534
49.43257	532
49.44557	522
49.45857	447
49.47157	424
49.48457	479
49.49757	376
49.51057	451
49.52357	346
49.53657	412
49.54957	272
49.56257	340
49.57557	404
49.58857	332
49.60157	255
49.61457	290
49.62757	305
49.64057	195
49.65357	136
49.66657	255
49.67957	326
49.69257	256
49.70557	270
49.71857	303
49.73157	335
49.74457	323
49.75757	245
49.77057	165
49.78357	172
49.79657	105
49.80957	89
49.82257	199
49.83557	200
49.84857	164
49.86157	172
49.87457	205
49.88757	257
49.90057	206
49.91357	181
49.92657	266
49.93957	223
49.95257	218
49.96557	223
49.97857	189
49.99157	238
50.00457	183
50.01757	83
50.03057	126
50.04357	153
50.05657	159
50.06957	243
50.08257	122
50.09557	74
50.10857	164
50.12157	158
50.13457	188
50.14757	94
50.16057	193
50.17357	243
50.18657	155
50.19957	163
50.21257	150
50.22557	153
50.23857	53
50.25157	8
50.26457	129
50.27757	136
50.29057	82
50.30357	71
50.31657	82
50.32957	130
50.34257	40
50.35557	82
50.36857	48
50.38157	-7
50.39457	141
50.40757	142
50.42057	30
50.43357	133
50.44657	88
50.45957	-8
50.47257	31
50.48557	-100
50.49857	5
50.51157	29
50.52457	127
50.53757	-10
50.55057	-8
50.56357	64
50.57657	147
50.58957	162
50.60257	18
50.61557	41
50.62857	16
50.64157	76
50.65457	-29
50.66757	70
50.68057	1
50.69357	-80
50.70657	62
50.71957	59
50.73257	-12
50.74557	89
50.75857	151
50.77157	165
50.78457	-61
50.79757	-56
50.81057	2
50.82357	10
50.83657	-110
50.84957	129
50.86257	135
50.87557	1
50.88857	-6
50.90157	26
50.91457	-46
50.92757	-9
50.94057	-6
50.95357	-45
50.96657	63
50.97957	24
50.99257	38
51.00557	30
51.01857	66
51.03157	100
51.04457	94
51.05757	66
51.07057	60
51.08357	54
51.09657	146
51.10957	99
51.12257	83
51.13557	138
51.14857	102
51.16157	38
51.17457	45
51.18757	49
51.20057	90
51.21357	89
51.22657	84
51.23957	130
51.25257	135
51.26557	165
51.27857	159
51.29157	141
51.30457	193
51.31757	279
51.33057	326
51.34357	304
51.35657	264
51.36957	207
51.38257	181
51.39557	169
51.40857	209
51.42157	235
51.43457	289
51.44757	354
51.46057	298
51.47357	335
51.48657	426
51.49957	428
51.51257	477
51.52557	537
51.53857	515
51.55157	540
51.56457	500
51.57757	600
51.59057	725
51.60357	670
51.61657	790
51.62957	784
51.64257	819
51.65557	757
51.66857	803
51.68157	852
51.69457	991
51.70757	996
51.72057	1042
51.73357	1048
51.74657	1194
51.75957	1257
51.77257	1281
51.78557	1443
51.79857	1535
51.81157	1575
51.82457	1648
51.83757	1457
51.85057	1684
51.86357	1813
51.87657	1685
51.88957	1965
51.90257	2141
51.91557	1853
51.92857	1966
51.94157	2073
51.95457	2135
51.96757	2157
51.98057	2275
51.99357	2171
52.00657	2252
52.01957	2215
52.03257	2217
52.04557	2413
52.05857	2315
52.07157	2219
52.08457	2335
52.09757	2263
52.11057	2275
52.12357	2248
52.13657	2360
52.14957	2299
52.16257	2331
52.17557	2355
52.18857	2432
52.20157	2364
52.21457	2228
52.22757	2279
52.24057	2236
52.25357	2202
52.26657	2216
52.27957	2119
52.29257	1968
52.30557	2016
52.31857	2099
52.33157	1949
52.34457	1762
52.35757	1657
52.37057	1726
52.38357	1724
52.39657	1529
52.40957	1502
52.42257	1542
52.43557	1458
52.44857	1329
52.46157	1364
52.47457	1204
52.48757	1101
52.50057	1110
52.51357	1037
52.52657	961
52.53957	876
52.55257	844
52.56557	862
52.57857	801
52.59157	701
52.60457	694
52.61757	658
52.63057	548
52.64357	507
52.65657	541
52.66957	531
52.68257	470
52.69557	440
52.70857	409
52.72157	385
52.73457	287
52.74757	304
52.76057	342
52.77357	332
52.78657	277
52.79957	193
52.81257	235
52.82557	247
52.83857	166
52.85157	207
52.86457	244
52.87757	145
52.89057	197
52.90357	109
52.91657	149
52.92957	96
52.94257	180
52.95557	25
52.96857	99
52.98157	241
52.99457	76
53.00757	59
53.02057	28
53.03357	48
53.04657	121
53.05957	64
53.07257	104
53.08557	-83
53.09857	61
53.11157	39
53.12457	9
53.13757	176
53.15057	99
53.16357	9
53.17657	45
53.18957	127
53.20257	75
53.21557	9
53.22857	-20
53.24157	31
53.25457	76
53.26757	116
53.28057	86
53.29357	92
53.30657	-37
53.31957	257
53.33257	102
53.34557	-12
53.35857	94
53.37157	131
53.38457	79
53.39757	24
53.41057	-11
53.42357	157
53.43657	150
53.44957	131
53.46257	73
53.47557	181
53.48857	185
53.50157	261
53.51457	172
53.52757	64
53.54057	75
53.55357	134
53.56657	264
53.57957	216
53.59257	241
53.60557	197
53.61857	149
53.63157	159
53.64457	195
53.65757	155
53.67057	143
53.68357	175
53.69657	142
53.70957	172
53.72257	208
53.73557	177
53.74857	171
53.76157	282
53.77457	326
53.78757	294
53.80057	363
53.81357	310
53.82657	265
53.83957	341
53.85257	368
53.86557	332
53.87857	321
53.89157	346
53.90457	366
53.91757	394
53.93057	408
53.94357	382
53.95657	362
53.96957	399
53.98257	408
53.99557	355
54.00857	336
54.02157	339
54.03457	396
54.04757	467
54.06057	485
54.07357	405
54.08657	398
54.09957	448
54.11257	473
54.12557	413
54.13857	323
54.15157	379
54.16457	384
54.17757	344
54.19057	365
54.20357	530
54.21657	452
54.22957	447
54.24257	382
54.25557	345
54.26857	429
54.28157	415
54.29457	385
54.30757	407
54.32057	307
54.33357	397
54.34657	483
54.35957	494
54.37257	432
54.38557	365
54.39857	390
54.41157	409
54.42457	463
54.43757	516
54.45057	466
54.46357	582
54.47657	478
54.48957	656
54.50257	594
54.51557	661
54.52857	635
54.54157	609
54.55457	672
54.56757	777
54.58057	684
54.59357	667
54.60657	653
54.61957	835
54.63257	971
54.64557	857
54.65857	799
54.67157	738
54.68457	862
54.69757	940
54.71057	974
54.72357	1139
54.73657	1078
54.74957	1077
54.76257	1071
54.77557	1139
54.78857	1062
54.80157	1199
54.81457	1304
54.82757	1173
54.84057	1251
54.85357	1342
54.86657	1394
54.87957	1372
54.89257	1489
54.90557	1417
54.91857	1382
54.93157	1372
54.94457	1387
54.95757	1556
54.97057	1553
54.98357	1573
54.99657	1616
55.00957	1493
55.02257	1491
55.03557	1565
55.04857	1644
55.06157	1616
55.07457	1525
55.08757	1538
55.10057	1588
55.11357	1621
55.12657	1626
55.13957	1710
55.15257	1652
55.16557	1534
55.17857	1654
55.19157	1675
55.20457	1617
55.21757	1675
55.23057	1669
55.24357	1639
55.25657	1801
55.26957	1867
55.28257	1831
55.29557	1871
55.30857	1753
55.32157	1820
55.33457	1887
55.34757	1839
55.36057	1882
55.37357	1968
55.38657	1978
55.39957	1939
55.41257	2005
55.42557	2114
55.43857	2124
55.45157	2043
55.46457	2032
55.47757	2038
55.49057	2295
55.50357	2229
55.51657	2199
55.52957	2156
55.54257	2358
55.55557	2299
55.56857	2344
55.58157	2410
55.59457	2362
55.60757	2399
55.62057	2459
55.63357	2322
55.64657	2392
55.65957	2305
55.67257	2306
55.68557	2371
55.69857	2234
55.71157	2205
55.72457	2128
55.73757	2155
55.75057	2086
55.76357	2076
55.77657	1909
55.78957	1939
55.80257	1800
55.81557	1788
55.82857	1906
55.84157	1746
55.85457	1925
55.86757	1803
55.88057	1581
55.89357	1621
55.90657	1664
55.91957	1756
55.93257	1579
55.94557	1613
55.95857	1600
55.97157	1511
55.98457	1632
55.99757	1656
56.01057	1674
56.02357	1606
56.03657	1670
56.04957	1481
56.06257	1523
56.07557	1510
56.08857	1379
56.10157	1463
56.11457	1548
56.12757	1555
56.14057	1493
56.15357	1589
56.16657	1494
56.17957	1424
56.19257	1464
56.20557	1411
56.21857	1464
56.23157	1433
56.24457	1404
56.25757	1308
56.27057	1338
56.28357	1411
56.29657	1378
56.30957	1240
56.32257	1209
56.33557	1189
56.34857	1080
56.36157	1149
56.37457	1051
56.38757	991
56.40057	924
56.41357	894
56.42657	880
56.43957	780
56.45257	675
56.46557	678
56.47857	798
56.49157	703
56.50457	580
56.51757	585
56.53057	582
56.54357	618
56.55657	595
56.56957	554
56.58257	547
56.59557	540
56.60857	493
56.62157	449
56.63457	460
56.64757	489
56.66057	520
56.67357	422
56.68657	366
56.69957	434
56.71257	418
56.72557	351
56.73857	367
56.75157	409
56.76457	269
56.77757	226
56.79057	265
56.80357	297
56.81657	431
56.82957	304
56.84257	129
56.85557	273
56.86857	286
56.88157	276
56.89457	273
56.90757	245
56.92057	273
56.93357	303
56.94657	275
56.95957	248
56.97257	244
56.98557	194
56.99857	232
57.01157	221
57.02457	158
57.03757	183
57.05057	76
57.06357	-17
57.07657	142
57.08957	121
57.10257	138
57.11557	223
57.12857	227
57.14157	258
57.15457	211
57.16757	103
57.18057	228
57.19357	202
57.20657	213
57.21957	129
57.23257	219
57.24557	174
57.25857	241
57.27157	191
57.28457	319
57.29757	73
57.31057	132
57.32357	128
57.33657	138
57.34957	180
57.36257	144
57.37557	166
57.38857	215
57.40157	227
57.41457	200
57.42757	213
57.44057	187
57.45357	140
57.46657	213
57.47957	299
57.49257	219
57.50557	142
57.51857	124
57.53157	225
57.54457	126
57.55757	234
57.57057	160
57.58357	120
57.59657	234
57.60957	202
57.62257	134
57.63557	234
57.64857	279
57.66157	238
57.67457	313
57.68757	186
57.70057	111
57.71357	216
57.72657	221
57.73957	195
57.75257	162
57.76557	177
57.77857	218
57.79157	234
57.80457	304
57.81757	204
57.83057	146
57.84357	245
57.85657	247
57.86957	246
57.88257	198
57.89557	171
57.90857	196
57.92157	134
57.93457	66
57.94757	75
57.96057	125
57.97357	150
57.98657	168
57.99957	81
58.01257	149
58.02557	166
58.03857	168
58.05157	175
58.06457	125
58.07757	102
58.09057	64
58.10357	161
58.11657	144
58.12957	75
58.14257	124
58.15557	212
58.16857	117
58.18157	62
58.19457	96
58.20757	135
58.22057	152
58.23357	99
58.24657	160
58.25957	184
58.27257	112
58.28557	49
58.29857	17
58.31157	-2
58.32457	101
58.33757	143
58.35057	10
58.36357	-50
58.37657	4
58.38957	-29
58.40257	-66
58.41557	10
58.42857	20
58.44157	-6
58.45457	-1
58.46757	19
58.48057	42
58.49357	13
58.50657	-2
58.51957	72
58.53257	60
58.54557	-46
58.55857	-4
58.57157	-42
58.58457	95
58.59757	58
58.61057	-123
58.62357	86
58.63657	-56
58.64957	-39
58.66257	51
58.67557	40
58.68857	160
58.70157	122
58.71457	119
58.72757	60
58.74057	14
58.75357	-74
58.76657	-92
58.77957	7
58.79257	-21
58.80557	-40
58.81857	-19
58.83157	-35
58.84457	-32
58.85757	-18
58.87057	18
58.88357	91
58.89657	103
58.90957	0
58.92257	-56
58.93557	-12
58.94857	-2
58.96157	20
58.97457	54
58.98757	34
59.00057	-54
59.01357	-99
59.02657	-65
59.03957	17
59.05257	59
59.06557	33
59.07857	47
59.09157	50
59.10457	30
59.11757	-11
59.13057	-32
59.14357	-1
59.15657	16
59.16957	43
59.18257	56
59.19557	-27
59.20857	-5
59.22157	79
59.23457	29
59.24757	63
59.26057	118
59.27357	120
59.28657	68
59.29957	32
59.31257	-110
59.32557	-69
59.33857	85
59.35157	78
59.36457	55
59.37757	57
59.39057	69
59.40357	50
59.41657	-22
59.42957	22
59.44257	-63
59.45557	21
59.46857	24
59.48157	66
59.49457	46
59.50757	15
59.52057	31
59.53357	74
59.54657	-30
59.55957	23
59.57257	30
59.58557	38
59.59857	11
59.61157	-23
59.62457	65
59.63757	60
59.65057	-2
59.66357	161
59.67657	49
59.68957	10
59.70257	-73
59.71557	-103
59.72857	140
59.74157	109
59.75457	-20
59.76757	202
59.78057	-20
59.79357	-27
59.80657	56
59.81957	65
59.83257	-9
59.84557	12
59.85857	131
59.87157	102
59.88457	168
59.89757	-57
59.91057	-100
59.92357	84
59.93657	23
59.94957	69
59.96257	112
59.97557	-1
59.98857	-12
60.00157	101
60.01457	50
60.02757	-15
60.04057	93
60.05357	146
60.06657	40
60.07957	120
60.09257	168
60.10557	167
60.11857	164
60.13157	147
60.14457	135
60.15757	95
60.17057	12
60.18357	12
60.19657	101
60.20957	134
60.22257	132
60.23557	139
60.24857	150
60.26157	175
60.27457	136
60.28757	163
60.30057	296
60.31357	265
60.32657	146
60.33957	148
60.35257	207
60.36557	229
60.37857	215
60.39157	156
60.40457	122
60.41757	165
60.43057	194
60.44357	181
60.45657	118
60.46957	128
60.48257	212
60.49557	167
60.50857	181
60.52157	172
60.53457	95
60.54757	163
60.56057	159
60.57357	152
60.58657	136
60.59957	160
60.61257	201
60.62557	208
60.63857	174
60.65157	110
60.66457	52
60.67757	134
60.69057	93
60.70357	126
60.71657	115
60.72957	106
60.74257	67
60.75557	64
60.76857	17
60.78157	-11
60.79457	32
60.80757	207
60.82057	171
60.83357	44
60.84657	65
60.85957	34
60.87257	78
60.88557	94
60.89857	5
60.91157	-117
60.92457	-9
60.93757	13
60.95057	53
60.96357	88
60.97657	22
60.98957	84
61.00257	44
61.01557	75
61.02857	19
61.04157	-18
61.05457	-6
61.06757	-91
61.08057	151
61.09357	45
61.10657	-68
61.11957	-4
61.13257	27
61.14557	131
61.15857	193
61.17157	32
61.18457	25
61.19757	121
61.21057	75
61.22357	13
61.23657	-30
61.24957	135
61.26257	39
61.27557	48
61.28857	125
61.30157	-51
61.31457	-10
61.32757	30
61.34057	34
61.35357	21
61.36657	-64
61.37957	6
61.39257	150
61.40557	160
61.41857	78
61.43157	64
61.44457	-162
61.45757	-28
61.47057	9
61.48357	68
61.49657	-8
61.50957	-47
61.52257	-13
61.53557	124
61.54857	129
61.56157	32
61.57457	52
61.58757	160
61.60057	119
61.61357	-15
61.62657	-71
61.63957	-16
61.65257	-17
61.66557	20
61.67857	53
61.69157	75
61.70457	80
61.71757	83
61.73057	75
61.74357	87
61.75657	138
61.76957	71
61.78257	54
61.79557	51
61.80857	-9
61.82157	39
61.83457	-7
61.84757	-79
61.86057	-43
61.87357	7
61.88657	91
61.89957	153
61.91257	136
61.92557	90
61.93857	33
61.95157	-29
61.96457	48
61.97757	82
61.99057	73
62.00357	65
62.01657	59
62.02957	84
62.04257	108
62.05557	162
62.06857	189
62.08157	74
62.09457	129
62.10757	73
62.12057	138
62.13357	155
62.14657	92
62.15957	143
62.17257	193
62.18557	128
62.19857	258
62.21157	338
62.22457	277
62.23757	319
62.25057	239
62.26357	279
62.27657	360
62.28957	264
62.30257	315
62.31557	273
62.32857	321
62.34157	375
62.35457	481
62.36757	243
62.38057	406
62.39357	399
62.40657	453
62.41957	498
62.43257	296
62.44557	347
62.45857	407
62.47157	389
62.48457	370
62.49757	452
62.51057	448
62.52357	380
62.53657	315
62.54957	313
62.56257	372
62.57557	401
62.58857	367
62.60157	217
62.61457	325
62.62757	375
62.64057	273
62.65357	166
62.66657	244
62.67957	233
62.69257	378
62.70557	385
62.71857	293
62.73157	236
62.74457	292
62.75757	193
62.77057	255
62.78357	228
62.79657	58
62.80957	148
62.82257	225
62.83557	145
62.84857	150
62.86157	147
62.87457	203
62.88757	44
62.90057	80
62.91357	94
62.92657	-25
62.93957	-69
62.95257	-34
62.96557	104
62.97857	102
62.99157	85
63.00457	81
63.01757	37
63.03057	-25
63.04357	34
63.05657	144
63.06957	127
63.08257	-2
63.09557	-27
63.10857	35
63.12157	-43
63.13457	-74
63.14757	-71
63.16057	-66
63.17357	1
63.18657	48
63.19957	15
63.21257	-27
63.22557	12
63.23857	-4
63.25157	0
63.26457	17
63.27757	32
63.29057	26
63.30357	11
63.31657	-75
63.32957	58
63.34257	96
63.35557	-14
63.36857	-73
63.38157	1
63.39457	8
63.40757	23
63.42057	1
63.43357	-46
63.44657	54
63.45957	-7
63.47257	-14
63.48557	-41
63.49857	-55
63.51157	97
63.52457	41
63.53757	124
63.55057	40
63.56357	62
63.57657	84
63.58957	17
63.60257	51
63.61557	-20
63.62857	87
63.64157	-9
63.65457	20
63.66757	75
63.68057	169
63.69357	70
63.70657	104
63.71957	-47
63.73257	121
63.74557	64
63.75857	57
63.77157	71
63.78457	100
63.79757	47
63.81057	68
63.82357	35
63.83657	-12
63.84957	116
63.86257	123
63.87557	46
63.88857	114
63.90157	141
63.91457	107
63.92757	142
63.94057	-8
63.95357	84
63.96657	92
63.97957	139
63.99257	141
64.00557	166
64.01857	175
64.03157	73
64.04457	139
64.05757	171
64.07057	177
64.08357	220
64.09657	173
64.10957	219
64.12257	162
64.13557	168
64.14857	123
64.16157	59
64.17457	139
64.18757	334
64.20057	297
64.21357	179
64.22657	170
64.23957	131
64.25257	239
64.26557	349
64.27857	259
64.29157	177
64.30457	202
64.31757	205
64.33057	204
64.34357	204
64.35657	265
64.36957	323
64.38257	273
64.39557	294
64.40857	281
64.42157	266
64.43457	271
64.44757	208
64.46057	265
64.47357	260
64.48657	228
64.49957	245
64.51257	259
64.52557	269
64.53857	219
64.55157	200
64.56457	274
64.57757	295
64.59057	196
64.60357	165
64.61657	148
64.62957	147
64.64257	193
64.65557	200
64.66857	227
64.68157	152
64.69457	177
64.70757	268
64.72057	262
64.73357	245
64.74657	207
64.75957	162
64.77257	195
64.78557	189
64.79857	86
64.81157	64
64.82457	198
64.83757	99
64.85057	216
64.86357	258
64.87657	244
64.88957	146
64.90257	154
64.91557	99
64.92857	194
64.94157	168
64.95457	78
64.96757	67
64.98057	133
64.99357	134
65.00657	171
65.01957	198
65.03257	77
65.04557	97
65.05857	96
65.07157	121
65.08457	165
65.09757	150
65.11057	184
65.12357	151
65.13657	66
65.14957	175
65.16257	238
65.17557	169
65.18857	68
65.20157	153
65.21457	58
65.22757	151
65.24057	149
65.25357	185
65.26657	212
65.27957	88
65.29257	183
65.30557	193
65.31857	208
65.33157	230
65.34457	120
65.35757	125
65.37057	108
65.38357	155
65.39657	108
65.40957	78
65.42257	69
65.43557	45
65.44857	89
65.46157	81
65.47457	116
65.48757	156
65.50057	183
65.51357	52
65.52657	101
65.53957	138
65.55257	20
65.56557	49
65.57857	92
65.59157	74
65.60457	67
65.61757	62
65.63057	117
65.64357	104
65.65657	77
65.66957	28
65.68257	42
65.69557	79
65.70857	59
65.72157	58
65.73457	21
65.74757	65
65.76057	92
65.77357	54
65.78657	17
65.79957	-33
65.81257	-10
65.82557	7
65.83857	56
65.85157	123
65.86457	84
65.87757	77
65.89057	30
65.90357	77
65.91657	88
65.92957	41
65.94257	12
65.95557	65
65.96857	-46
65.98157	-69
65.99457	-53
66.00757	110
66.02057	49
66.03357	38
66.04657	70
66.05957	82
66.07257	-55
66.08557	-59
66.09857	75
66.11157	36
66.12457	22
66.13757	1
66.15057	33
66.16357	58
66.17657	-46
66.18957	124
66.20257	122
66.21557	-2
66.22857	36
66.24157	99
66.25457	23
66.26757	31
66.28057	214
66.29357	83
66.30657	0
66.31957	40
66.33257	83
66.34557	-27
66.35857	76
66.37157	66
66.38457	37
66.39757	0
66.41057	3
66.42357	87
66.43657	6
66.44957	114
66.46257	88
66.47557	37
66.48857	98
66.50157	144
66.51457	60
66.52757	122
66.54057	59
66.55357	41
66.56657	119
66.57957	24
66.59257	162
66.60557	150
66.61857	93
66.63157	83
66.64457	76
66.65757	121
66.67057	98
66.68357	163
66.69657	70
66.70957	29
66.72257	155
66.73557	177
66.74857	136
66.76157	136
66.77457	151
66.78757	44
66.80057	50
66.81357	164
66.82657	179
66.83957	150
66.85257	136
66.86557	141
66.87857	198
66.89157	220
66.90457	158
66.91757	152
66.93057	166
66.94357	213
66.95657	229
66.96957	196
66.98257	201
66.99557	203
67.00857	151
67.02157	174
67.03457	220
67.04757	208
67.06057	217
67.07357	219
67.08657	248
67.09957	264
67.11257	243
67.12557	143
67.13857	83
67.15157	109
67.16457	170
67.17757	205
67.19057	213
67.20357	289
67.21657	314
67.22957	195
67.24257	95
67.25557	110
67.26857	82
67.28157	167
67.29457	130
67.30757	193
67.32057	111
67.33357	45
67.34657	141
67.35957	92
67.37257	170
67.38557	220
67.39857	268
67.41157	219
67.42457	159
67.43757	173
67.45057	131
67.46357	204
67.47657	191
67.48957	61
67.50257	9
67.51557	145
67.52857	86
67.54157	240
67.55457	200
67.56757	199
67.58057	76
67.59357	150
67.60657	225
67.61957	176
67.63257	197
67.64557	208
67.65857	105
67.67157	119
67.68457	235
67.69757	262
67.71057	156
67.72357	284
67.73657	138
67.74957	132
67.76257	149
67.77557	140
67.78857	266
67.80157	115
67.81457	51
67.82757	132
67.84057	171
67.85357	190
67.86657	93
67.87957	91
67.89257	70
67.90557	51
67.91857	-2
67.93157	77
67.94457	84
67.95757	70
67.97057	182
67.98357	78
67.99657	4
68.00957	31
68.02257	75
68.03557	78
68.04857	18
68.06157	29
68.07457	-18
68.08757	46
68.10057	130
68.11357	104
68.12657	14
68.13957	44
68.15257	57
68.16557	110
68.17857	50
68.19157	56
68.20457	100
68.21757	26
68.23057	-24
68.24357	44
68.25657	95
68.26957	79
68.28257	60
68.29557	81
68.30857	35
68.32157	-22
68.33457	-15
68.34757	24
68.36057	40
68.37357	19
68.38657	26
68.39957	-47
68.41257	-69
68.42557	-42
68.43857	-59
68.45157	-42
68.46457	-35
68.47757	-12
68.49057	49
68.50357	-16
68.51657	-46
68.52957	23
68.54257	60
68.55557	50
68.56857	-54
68.58157	6
68.59457	15
68.60757	-70
68.62057	19
68.63357	75
68.64657	22
68.65957	112
68.67257	36
68.68557	-8
68.69857	-13
68.71157	13
68.72457	-56
68.73757	-117
68.75057	-25
68.76357	-13
68.77657	-63
68.78957	-106
68.80257	-45
68.81557	57
68.82857	62
68.84157	63
68.85457	-33
68.86757	54
68.88057	34
68.89357	89
68.90657	70
68.91957	13
68.93257	-10
68.94557	83
68.95857	-33
68.97157	-51
68.98457	-95
68.99757	-84
69.01057	58
69.02357	50
69.03657	55
69.04957	90
69.06257	-84
69.07557	84
69.08857	-55
69.10157	13
69.11457	39
69.12757	66
69.14057	27
69.15357	78
69.16657	180
69.17957	83
69.19257	65
69.20557	75
69.21857	30
69.23157	32
69.24457	70
69.25757	13
69.27057	43
69.28357	141
69.29657	51
69.30957	90
69.32257	-15
69.33557	69
69.34857	105
69.36157	103
69.37457	31
69.38757	94
69.40057	142
69.41357	131
69.42657	72
69.43957	94
69.45257	94
69.46557	148
69.47857	111
69.49157	105
69.50457	153
69.51757	78
69.53057	118
69.54357	121
69.55657	92
69.56957	87
69.58257	123
69.59557	196
69.60857	174
69.62157	123
69.63457	110
69.64757	137
69.66057	158
69.67357	103
69.68657	68
69.69957	100
69.71257	161
69.72557	193
69.73857	232
69.75157	281
69.76457	174
69.77757	212
69.79057	244
69.80357	281
69.81657	325
69.82957	311
69.84257	101
69.85557	164
69.86857	224
69.88157	242
69.89457	231
69.90757	109
69.92057	275
69.93357	313
69.94657	253
69.95957	301
69.97257	245
69.98557	300
69.99857	281
70.01157	331
70.02457	203
70.03757	154
70.05057	152
70.06357	245
70.07657	144
70.08957	89
70.10257	282
70.11557	203
70.12857	301
70.14157	206
70.15457	288
70.16757	167
70.18057	279
70.19357	179
70.20657	150
70.21957	77
70.23257	194
70.24557	223
70.25857	245
70.27157	217
70.28457	156
70.29757	182
70.31057	142
70.32357	116
70.33657	242
70.34957	204
70.36257	187
70.37557	127
70.38857	139
70.40157	112
70.41457	65
70.42757	-5
70.44057	24
70.45357	163
70.46657	109
70.47957	94
70.49257	95
70.50557	115
70.51857	151
70.53157	113
70.54457	110
70.55757	174
70.57057	207
70.58357	170
70.59657	108
70.60957	91
70.62257	87
70.63557	131
70.64857	123
70.66157	-11
70.67457	4
70.68757	60
70.70057	-10
70.71357	41
70.72657	83
70.73957	102
70.75257	24
70.76557	27
70.77857	50
70.79157	73
70.80457	110
70.81757	90
70.83057	120
70.84357	71
70.85657	45
70.86957	103
70.88257	54
70.89557	-59
70.90857	-45
70.92157	83
70.93457	88
70.94757	28
70.96057	-44
70.97357	-98
70.98657	-28
70.99957	29
71.01257	71
71.02557	60
71.03857	7
71.05157	-28
71.06457	-40
71.07757	-25
71.09057	-45
71.10357	35
71.11657	22
71.12957	74
71.14257	88
71.15557	-59
71.16857	-29
71.18157	3
71.19457	-48
71.20757	-108
71.22057	-33
71.23357	-14
71.24657	-29
71.25957	-14
71.27257	8
71.28557	12
71.29857	53
71.31157	57
71.32457	68
71.33757	81
71.35057	49
71.36357	-43
71.37657	45
71.38957	-55
71.40257	24
71.41557	109
71.42857	-16
71.44157	82
71.45457	19
71.46757	-11
71.48057	-71
71.49357	39
71.50657	148
71.51957	88
71.53257	109
71.54557	-96
71.55857	-125
71.57157	-80
71.58457	185
71.59757	109
71.61057	-17
71.62357	34
71.63657	-4
71.64957	-1
71.66257	-40
71.67557	77
71.68857	-3
71.70157	12
71.71457	1
71.72757	71
71.74057	78
71.75357	75
71.76657	-17
71.77957	-75
71.79257	128
71.80557	15
71.81857	74
71.83157	25
71.84457	64
71.85757	216
71.87057	256
71.88357	172
71.89657	100
71.90957	199
71.92257	174
71.93557	151
71.94857	168
71.96157	133
71.97457	232
71.98757	248
72.00057	306
72.01357	223
72.02657	200
72.03957	306
72.05257	226
72.06557	293
72.07857	389
72.09157	364
72.10457	375
72.11757	384
72.13057	428
72.14357	399
72.15657	419
72.16957	404
72.18257	359
72.19557	420
72.20857	449
72.22157	438
72.23457	390
72.24757	313
72.26057	338
72.27357	459
72.28657	544
72.29957	515
72.31257	410
72.32557	331
72.33857	339
72.35157	370
72.36457	355
72.37757	330
72.39057	367
72.40357	399
72.41657	394
72.42957	426
72.44257	277
72.45557	209
72.46857	223
72.48157	272
72.49457	346
72.50757	263
72.52057	224
72.53357	90
72.54657	153
72.55957	188
72.57257	269
72.58557	256
72.59857	140
72.61157	94
72.62457	235
72.63757	140
72.65057	142
72.66357	39
72.67657	92
72.68957	148
72.70257	12
72.71557	103
72.72857	142
72.74157	150
72.75457	47
72.76757	83
72.78057	98
72.79357	-45
72.80657	97
72.81957	-121
72.83257	24
72.84557	-5
72.85857	-39
72.87157	-24
72.88457	-31
72.89757	51
72.91057	-42
72.92357	-6
72.93657	-79
72.94957	-70
72.96257	-45
72.97557	132
72.98857	41
73.00157	-75
73.01457	-91
73.02757	-1
73.04057	36
73.05357	-88
73.06657	-59
73.07957	69
73.09257	-15
73.10557	-24
73.11857	-76
73.13157	-63
73.14457	-47
73.15757	-161
73.17057	15
73.18357	10
73.19657	34
73.20957	44
73.22257	-26
73.23557	121
73.24857	-16
73.26157	-74
73.27457	-12
73.28757	-20
73.30057	-65
73.31357	-23
73.32657	-50
73.33957	-7
73.35257	-12
73.36557	-5
73.37857	13
73.39157	-26
73.40457	42
73.41757	125
73.43057	63
73.44357	-17
73.45657	-12
73.46957	-1
73.48257	6
73.49557	215
73.50857	185
73.52157	81
73.53457	84
73.54757	18
73.56057	45
73.57357	28
73.58657	47
73.59957	107
73.61257	106
73.62557	126
73.63857	115
73.65157	133
73.66457	86
73.67757	28
73.69057	115
73.70357	113
73.71657	91
73.72957	121
73.74257	79
73.75557	107
73.76857	170
73.78157	72
73.79457	68
73.80757	93
73.82057	39
73.83357	174
73.84657	122
73.85957	89
73.87257	65
73.88557	103
73.89857	115
73.91157	185
73.92457	113
73.93757	168
73.95057	71
73.96357	112
73.97657	90
73.98957	39
74.00257	150
74.01557	202
74.02857	198
74.04157	112
74.05457	92
74.06757	83
74.08057	7
74.09357	48
74.10657	136
74.11957	121
74.13257	114
74.14557	100
74.15857	238
74.17157	191
74.18457	149
74.19757	160
74.21057	104
74.22357	82
74.23657	240
74.24957	229
74.26257	284
74.27557	159
74.28857	172
74.30157	225
74.31457	169
74.32757	191
74.34057	206
74.35357	179
74.36657	345
74.37957	161
74.39257	125
74.40557	266
74.41857	286
74.43157	178
74.44457	199
74.45757	192
74.47057	391
74.48357	320
74.49657	184
74.50957	278
74.52257	312
74.53557	306
74.54857	413
74.56157	393
74.57457	293
74.58757	287
74.60057	350
74.61357	369
74.62657	414
74.63957	459
74.65257	452
74.66557	249
74.67857	154
74.69157	322
74.70457	386
74.71757	307
74.73057	303
74.74357	433
74.75657	419
74.76957	360
74.78257	309
74.79557	313
74.80857	398
74.82157	434
74.83457	395
74.84757	319
74.86057	316
74.87357	321
74.88657	331
74.89957	320
74.91257	283
74.92557	334
74.93857	332
74.95157	386
74.96457	402
74.97757	335
74.99057	425
75.00357	483
75.01657	527
75.02957	406
75.04257	305
75.05557	320
75.06857	383
75.08157	353
75.09457	524
75.10757	498
75.12057	400
75.13357	475
75.14657	441
75.15957	467
75.17257	467
75.18557	449
75.19857	488
75.21157	424
75.22457	496
75.23757	671
75.25057	663
75.26357	657
75.27657	618
75.28957	632
75.30257	732
75.31557	615
75.32857	606
75.34157	835
75.35457	688
75.36757	689
75.38057	888
75.39357	734
75.40657	743
75.41957	882
75.43257	864
75.44557	908
75.45857	767
75.47157	889
75.48457	1032
75.49757	906
75.51057	970
75.52357	915
75.53657	884
75.54957	881
75.56257	855
75.57557	769
75.58857	1043
75.60157	1009
75.61457	1068
75.62757	999
75.64057	891
75.65357	916
75.66657	973
75.67957	953
75.69257	895
75.70557	910
75.71857	757
75.73157	819
75.74457	893
75.75757	910
75.77057	903
75.78357	803
75.79657	942
75.80957	997
75.82257	950
75.83557	906
75.84857	875
75.86157	887
75.87457	781
75.88757	805
75.90057	797
75.91357	752
75.92657	774
75.93957	863
75.95257	754
75.96557	750
75.97857	833
75.99157	873
76.00457	965
76.01757	978
76.03057	863
76.04357	801
76.05657	773
76.06957	801
76.08257	848
76.09557	804
76.10857	832
76.12157	781
76.13457	754
76.14757	863
76.16057	906
76.17357	964
76.18657	981
76.19957	929
76.21257	1019
76.22557	1057
76.23857	918
76.25157	891
76.26457	975
76.27757	1057
76.29057	1042
76.30357	1023
76.31657	1136
76.32957	1237
76.34257	1298
76.35557	1254
76.36857	1371
76.38157	1327
76.39457	1310
76.40757	1273
76.42057	1406
76.43357	1451
76.44657	1437
76.45957	1443
76.47257	1408
76.48557	1404
76.49857	1417
76.51157	1368
76.52457	1312
76.53757	1431
76.55057	1393
76.56357	1320
76.57657	1352
76.58957	1358
76.60257	1484
76.61557	1457
76.62857	1302
76.64157	1150
76.65457	1310
76.66757	1237
76.68057	1265
76.69357	1199
76.70657	1110
76.71957	1183
76.73257	1112
76.74557	1147
76.75857	1110
76.77157	902
76.78457	1091
76.79757	969
76.81057	1074
76.82357	1032
76.83657	895
76.84957	877
76.86257	823
76.87557	1010
76.88857	736
76.90157	954
76.91457	803
76.92757	798
76.94057	787
76.95357	896
76.96657	738
76.97957	704
76.99257	906
77.00557	747
77.01857	669
77.03157	587
77.04457	586
77.05757	682
77.07057	537
77.08357	636
77.09657	602
77.10957	513
77.12257	568
77.13557	526
77.14857	546
77.16157	450
77.17457	463
77.18757	581
77.20057	543
77.21357	500
77.22657	498
77.23957	568
77.25257	545
77.26557	561
77.27857	653
77.29157	539
77.30457	470
77.31757	448
77.33057	373
77.34357	417
77.35657	464
77.36957	431
77.38257	458
77.39557	516
77.40857	441
77.42157	428
77.43457	429
77.44757	376
77.46057	378
77.47357	375
77.48657	408
77.49957	380
77.51257	323
77.52557	371
77.53857	408
77.55157	425
77.56457	381
77.57757	316
77.59057	340
77.60357	344
77.61657	347
77.62957	460
77.64257	492
77.65557	434
77.66857	368
77.68157	364
77.69457	373
77.70757	427
77.72057	316
77.73357	337
77.74657	340
77.75957	306
77.77257	394
77.78557	318
77.79857	364
77.81157	400
77.82457	370
77.83757	348
77.85057	338
77.86357	198
77.87657	279
77.88957	173
77.90257	327
77.91557	194
77.92857	310
77.94157	371
77.95457	443
77.96757	422
77.98057	386
77.99357	300
78.00657	304
78.01957	361
78.03257	172
78.04557	282
78.05857	314
78.07157	328
78.08457	333
78.09757	306
78.11057	152
78.12357	283
78.13657	247
78.14957	317
78.16257	269
78.17557	269
78.18857	318
78.20157	370
78.21457	166
78.22757	365
78.24057	404
78.25357	262
78.26657	286
78.27957	309
78.29257	319
78.30557	311
78.31857	240
78.33157	276
78.34457	117
78.35757	181
78.37057	260
78.38357	210
78.39657	105
78.40957	276
78.42257	345
78.43557	326
78.44857	278
78.46157	264
78.47457	106
78.48757	121
78.50057	195
78.51357	300
78.52657	174
78.53957	260
78.55257	368
78.56557	254
78.57857	235
78.59157	261
78.60457	257
78.61757	313
78.63057	364
78.64357	297
78.65657	183
78.66957	232
78.68257	322
78.69557	281
78.70857	234
78.72157	212
78.73457	199
78.74757	280
78.76057	314
78.77357	274
78.78657	295
78.79957	269
78.81257	239
78.82557	313
78.83857	329
78.85157	265
78.86457	245
78.87757	256
78.89057	286
78.90357	294
78.91657	307
78.92957	424
78.94257	458
78.95557	388
78.96857	341
78.98157	267
78.99457	253
79.00757	269
79.02057	288
79.03357	302
79.04657	453
79.05957	484
79.07257	420
79.08557	306
79.09857	476
79.11157	480
79.12457	409
79.13757	347
79.15057	376
79.16357	404
79.17657	491
79.18957	551
79.20257	352
79.21557	395
79.22857	428
79.24157	460
79.25457	490
79.26757	393
79.28057	438
79.29357	351
79.30657	353
79.31957	404
79.33257	598
79.34557	492
79.35857	383
79.37157	462
79.38457	416
79.39757	493
79.41057	461
79.42357	457
79.43657	270
79.44957	321
79.46257	315
79.47557	398
79.48857	299
79.50157	362
79.51457	301
79.52757	379
79.54057	226
79.55357	226
79.56657	327
79.57957	257
79.59257	352
79.60557	288
79.61857	235
79.63157	252
79.64457	227
79.65757	148
79.67057	74
79.68357	88
79.69657	80
79.70957	80
79.72257	73
79.73557	198
79.74857	184
79.76157	139
79.77457	184
79.78757	143
79.80057	211
79.81357	16
79.82657	15
79.83957	140
79.85257	27
79.86557	56
79.87857	22
79.89157	0
79.90457	18
79.91757	7
79.93057	-197
79.94357	-41
79.95657	38
79.96957	89
79.98257	127
79.99557	31
80.00857	25
80.02157	86
80.03457	70
80.04757	32
80.06057	23
80.07357	73
80.08657	-5
80.09957	-153
80.11257	-12
80.12557	120
80.13857	53
80.15157	-1
80.16457	-7
80.17757	58
80.19057	28
80.20357	-57
80.21657	-15
80.22957	48
80.24257	27
80.25557	-70
80.26857	-11
80.28157	10
80.29457	4
80.30757	-26
80.32057	-13
80.33357	45
80.34657	37
80.35957	-28
80.37257	-22
80.38557	-44
80.39857	-7
80.41157	-65
80.42457	-77
80.43757	-113
80.45057	5
80.46357	21
80.47657	23
80.48957	84
80.50257	-79
80.51557	116
80.52857	96
80.54157	27
80.55457	-22
80.56757	-96
80.58057	9
80.59357	59
80.60657	-11
80.61957	2
80.63257	53
80.64557	200
80.65857	69
80.67157	104
80.68457	179
80.69757	109
80.71057	59
80.72357	104
80.73657	73
80.74957	154
80.76257	75
80.77557	239
80.78857	140
80.80157	-51
80.81457	93
80.82757	250
80.84057	273
80.85357	23
80.86657	85
80.87957	111
80.89257	70
80.90557	73
80.91857	73
80.93157	184
80.94457	216
80.95757	82
80.97057	123
80.98357	249
80.99657	202
81.00957	217
81.02257	49
81.03557	304
81.04857	227
81.06157	153
81.07457	240
81.08757	288
81.10057	188
81.11357	152
81.12657	213
81.13957	248
81.15257	154
81.16557	170
81.17857	131
81.19157	144
81.20457	166
81.21757	118
81.23057	101
81.24357	116
81.25657	153
81.26957	118
81.28257	137
81.29557	152
81.30857	103
81.32157	14
81.33457	113
81.34757	222
81.36057	212
81.37357	213
81.38657	182
81.39957	174
81.41257	124
81.42557	81
81.43857	29
81.45157	56
81.46457	75
81.47757	55
81.49057	182
81.50357	127
81.51657	127
81.52957	138
81.54257	93
81.55557	86
81.56857	45
81.58157	9
81.59457	-35
81.60757	22
81.62057	56
81.63357	68
81.64657	-10
81.65957	-15
81.67257	-34
81.68557	-71
81.69857	-83
81.71157	17
81.72457	60
81.73757	66
81.75057	34
81.76357	133
81.77657	90
81.78957	37
81.80257	-51
81.81557	62
81.82857	146
81.84157	66
81.85457	-9
81.86757	135
81.88057	52
81.89357	35
81.90657	74
81.91957	93
81.93257	74
81.94557	23
81.95857	29
81.97157	61
81.98457	-28
81.99757	-83
82.01057	-8
82.02357	-36
82.03657	116
82.04957	-48
82.06257	-55
82.07557	91
82.08857	51
82.10157	139
82.11457	-13
82.12757	36
82.14057	93
82.15357	-27
82.16657	157
82.17957	22
82.19257	19
82.20557	-20
82.21857	173
82.23157	-29
82.24457	19
82.25757	14
82.27057	-50
82.28357	-13
82.29657	16
82.30957	122
82.32257	216
82.33557	160
82.34857	48
82.36157	123
82.37457	66
82.38757	4
82.40057	84
82.41357	84
82.42657	112
82.43957	98
82.45257	-45
82.46557	-41
82.47857	92
82.49157	119
82.50457	100
82.51757	25
82.53057	23
82.54357	50
82.55657	75
82.56957	52
82.58257	20
82.59557	38
82.60857	28
82.62157	78
82.63457	27
82.64757	-42
82.66057	6
82.67357	83
82.68657	60
82.69957	19
82.71257	17
82.72557	109
82.73857	134
82.75157	82
82.76457	169
82.77757	184
82.79057	72
82.80357	6
82.81657	67
82.82957	69
82.84257	40
82.85557	113
82.86857	146
82.88157	150
82.89457	116
82.90757	126
82.92057	110
82.93357	4
82.94657	46
82.95957	95
82.97257	141
82.98557	77
82.99857	107
83.01157	164
83.02457	105
83.03757	-61
83.05057	42
83.06357	84
83.07657	147
83.08957	249
83.10257	135
83.11557	93
83.12857	161
83.14157	29
83.15457	-6
83.16757	99
83.18057	208
83.19357	-4
83.20657	157
83.21957	95
83.23257	-11
83.24557	229
83.25857	211
83.27157	135
83.28457	63
83.29757	102
83.31057	79
83.32357	120
83.33657	195
83.34957	115
83.36257	354
83.37557	204
83.38857	95
83.40157	97
83.41457	178
83.42757	153
83.44057	267
83.45357	146
83.46657	180
83.47957	251
83.49257	174
83.50557	287
83.51857	179
83.53157	136
83.54457	290
83.55757	315
83.57057	223
83.58357	347
83.59657	295
83.60957	337
83.62257	402
83.63557	405
83.64857	292
83.66157	260
83.67457	294
83.68757	307
83.70057	277
83.71357	234
83.72657	364
83.73957	334
83.75257	422
83.76557	408
83.77857	330
83.79157	379
83.80457	461
83.81757	321
83.83057	265
83.84357	267
83.85657	204
83.86957	405
83.88257	410
83.89557	294
83.90857	360
83.92157	319
83.93457	334
83.94757	403
83.96057	354
83.97357	313
83.98657	311
83.99957	354
84.01257	376
84.02557	366
84.03857	318
84.05157	231
84.06457	196
84.07757	264
84.09057	364
84.10357	371
84.11657	382
84.12957	356
84.14257	313
84.15557	317
84.16857	237
84.18157	226
84.19457	265
84.20757	226
84.22057	159
84.23357	133
84.24657	196
84.25957	206
84.27257	198
84.28557	224
84.29857	260
84.31157	224
84.32457	168
84.33757	116
84.35057	182
84.36357	196
84.37657	117
84.38957	37
84.40257	117
84.41557	123
84.42857	210
84.44157	167
84.45457	171
84.46757	118
84.48057	117
84.49357	350
84.50657	200
84.51957	170
84.53257	61
84.54557	212
84.55857	264
84.57157	174
84.58457	156
84.59757	279
84.61057	32
84.62357	195
84.63657	102
84.64957	175
84.66257	176
84.67557	134
84.68857	252
84.70157	173
84.71457	33
84.72757	121
84.74057	109
84.75357	225
84.76657	215
84.77957	170
84.79257	253
84.80557	128
84.81857	7
84.83157	141
84.84457	66
84.85757	222
84.87057	287
84.88357	187
84.89657	80
84.90957	308
84.92257	202
84.93557	234
84.94857	226
84.96157	377
84.97457	245
84.98757	268
85.00057	242
85.01357	177
85.02657	251
85.03957	283
85.05257	340
85.06557	427
85.07857	395
85.09157	301
85.10457	251
85.11757	243
85.13057	253
85.14357	377
85.15657	410
85.16957	373
85.18257	362
85.19557	369
85.20857	345
85.22157	387
85.23457	414
85.24757	443
85.26057	503
85.27357	415
85.28657	342
85.29957	375
85.31257	429
85.32557	517
85.33857	484
85.35157	499
85.36457	526
85.37757	485
85.39057	447
85.40357	461
85.41657	603
85.42957	593
85.44257	524
85.45557	551
85.46857	639
85.48157	471
85.49457	326
85.50757	511
85.52057	624
85.53357	540
85.54657	410
85.55957	464
85.57257	526
85.58557	614
85.59857	588
85.61157	598
85.62457	661
85.63757	668
85.65057	549
85.66357	626
85.67657	551
85.68957	586
85.70257	639
85.71557	650
85.72857	564
85.74157	619
85.75457	604
85.76757	554
85.78057	560
85.79357	609
85.80657	605
85.81957	532
85.83257	545
85.84557	463
85.85857	560
85.87157	553
85.88457	611
85.89757	477
85.91057	468
85.92357	480
85.93657	617
85.94957	531
85.96257	472
85.97557	574
85.98857	537
86.00157	374
86.01457	575
86.02757	366
86.04057	564
86.05357	498
86.06657	345
86.07957	349
86.09257	521
86.10557	310
86.11857	331
86.13157	377
86.14457	435
86.15757	398
86.17057	401
86.18357	260
86.19657	371
86.20957	205
86.22257	217
86.23557	277
86.24857	385
86.26157	359
86.27457	331
86.28757	330
86.30057	353
86.31357	363
86.32657	353
86.33957	246
86.35257	273
86.36557	323
86.37857	259
86.39157	159
86.40457	91
86.41757	90
86.43057	149
86.44357	172
86.45657	211
86.46957	171
86.48257	165
86.49557	173
86.50857	87
86.52157	51
86.53457	71
86.54757	164
86.56057	159
86.57357	75
86.58657	52
86.59957	154
86.61257	212
86.62557	169
86.63857	158
86.65157	130
86.66457	69
86.67757	90
86.69057	134
86.70357	126
86.71657	75
86.72957	81
86.74257	160
86.75557	77
86.76857	9
86.78157	108
86.79457	149
86.80757	84
86.82057	143
86.83357	168
86.84657	100
86.85957	31
86.87257	33
86.88557	120
86.89857	29
86.91157	96
86.92457	210
86.93757	83
86.95057	43
86.96357	25
86.97657	7
86.98957	46
87.00257	22
87.01557	13
87.02857	80
87.04157	25
87.05457	125
87.06757	55
87.08057	22
87.09357	55
87.10657	169
87.11957	20
87.13257	56
87.14557	-46
87.15857	28
87.17157	56
87.18457	-75
87.19757	-67
87.21057	55
87.22357	-102
87.23657	48
87.24957	149
87.26257	5
87.27557	15
87.28857	99
87.30157	97
87.31457	105
87.32757	49
87.34057	-12
87.35357	18
87.36657	58
87.37957	128
87.39257	-23
87.40557	15
87.41857	82
87.43157	67
87.44457	-5
87.45757	-7
87.47057	-36
87.48357	125
87.49657	6
87.50957	24
87.52257	28
87.53557	39
87.54857	-33
87.56157	26
87.57457	35
87.58757	141
87.60057	140
87.61357	82
87.62657	47
87.63957	1
87.65257	-22
87.66557	17
87.67857	-12
87.69157	-59
87.70457	7
87.71757	35
87.73057	37
87.74357	7
87.75657	-13
87.76957	0
87.78257	-24
87.79557	-11
87.80857	-6
87.82157	14
87.83457	36
87.84757	24
87.86057	23
87.87357	43
87.88657	76
87.89957	115
87.91257	45
87.92557	-36
87.93857	6
87.95157	-9
87.96457	0
87.97757	68
87.99057	64
88.00357	117
88.01657	96
88.02957	-35
88.04257	-4
88.05557	6
88.06857	-114
88.08157	-71
88.09457	24
88.10757	5
88.12057	-5
88.13357	-32
88.14657	25
88.15957	63
88.17257	-43
88.18557	-40
88.19857	-8
88.21157	9
88.22457	35
88.23757	43
88.25057	-4
88.26357	157
88.27657	3
88.28957	-85
88.30257	32
88.31557	84
88.32857	34
88.34157	-110
88.35457	-6
88.36757	50
88.38057	-15
88.39357	-7
88.40657	11
88.41957	-28
88.43257	-102
88.44557	39
88.45857	5
88.47157	-221
88.48457	73
88.49757	62
88.51057	87
88.52357	1
88.53657	-25
88.54957	-39
88.56257	20
88.57557	-35
88.58857	-22
88.60157	10
88.61457	-50
88.62757	30
88.64057	41
88.65357	-62
88.66657	91
88.67957	53
88.69257	25
88.70557	-113
88.71857	-56
88.73157	42
88.74457	22
88.75757	-119
88.77057	-137
88.78357	-12
88.79657	-11
88.80957	105
88.82257	93
88.83557	-2
88.84857	-26
88.86157	-83
88.87457	-64
88.88757	-196
88.90057	11
88.91357	-95
88.92657	33
88.93957	-70
88.95257	-74
88.96557	4
88.97857	-17
88.99157	-43
89.00457	-23
89.01757	21
89.03057	-91
89.04357	-166
89.05657	-82
89.06957	69
89.08257	-69
89.09557	-143
89.10857	-194
89.12157	-214
89.13457	-132
89.14757	-73
89.16057	-75
89.17357	-74
89.18657	-32
89.19957	-122
89.21257	-191
89.22557	-110
89.23857	-82
89.25157	-39
89.26457	-103
89.27757	-172
89.29057	-66
89.30357	-100
89.31657	-163
89.32957	-126
89.34257	-92
89.35557	-141
89.36857	-243
89.38157	-219
89.39457	-175
89.40757	-136
89.42057	-131
89.43357	-146
89.44657	-213
89.45957	-69
89.47257	-119
89.48557	-123
89.49857	-133
89.51157	-200
89.52457	-162
89.53757	-72
89.55057	-174
89.56357	-216
89.57657	-174
89.58957	-82
89.60257	-74
89.61557	-70
89.62857	59
89.64157	-46
89.65457	-28
89.66757	-79
89.68057	-104
89.69357	-193
89.70657	-12
89.71957	-110
89.73257	-119
89.74557	-187
89.75857	-150
89.77157	-76
89.78457	-44
89.79757	-74
89.81057	29
89.82357	-102
89.83657	33
89.84957	13
89.86257	-12
89.87557	65
89.88857	-51
89.90157	-36
89.91457	-141
89.92757	-58
89.94057	-125
89.95357	-106
89.96657	-64
89.97957	-47
89.99257	5